0.088, 0.000, 0.000, 0.000
0.104, 0.000, 0.000, 0.000
0.121, 0.000, 0.000, 0.000
0.137, 0.000, 0.000, 0.000
0.154, 0.000, 0.000, 0.000
0.171, 0.000, 0.000, 0.000
0.188, 0.000, 0.000, 0.000
0.204, 0.000, 0.000, 0.000
0.221, 0.000, 0.000, 0.000
0.238, 0.000, 0.000, 0.000
0.255, 0.000, 0.000, 0.000
0.271, 0.000, 0.000, 0.000
0.288, 0.000, 0.000, 0.000
0.304, 0.000, 0.000, 0.000
0.321, 0.000, 0.000, 0.000
0.338, 0.000, 0.000, 0.000
0.354, 0.000, 0.000, 0.000
0.371, 0.000, 0.000, 0.000
0.388, 0.000, 0.000, 0.000
0.404, 0.000, 0.000, 0.000
0.421, 0.000, 0.000, 0.000
0.438, 0.000, 0.000, 0.000
0.454, 0.000, 0.000, 0.000
0.471, 0.000, 0.000, 0.000
0.488, 0.000, 0.000, 0.000
0.505, 0.000, 0.000, 0.000
0.521, 0.000, 0.000, 0.000
0.538, 0.000, 0.000, 0.000
0.554, 0.000, 0.000, 0.000
0.571, 0.000, 0.000, 0.000
0.588, 0.000, 0.000, 0.000
0.605, -0.474, 0.354, 0.028
0.622, -0.474, 0.354, 0.028
0.638, -0.474, 0.354, 0.028
0.655, -0.474, 0.354, 0.028
0.671, -0.474, 0.354, 0.028
0.688, -0.474, 0.354, 0.028
0.704, -0.474, 0.354, 0.028
0.721, -0.474, 0.353, 0.029
0.738, -0.474, 0.354, 0.028
0.754, -0.474, 0.354, 0.028
0.771, -0.474, 0.354, 0.028
0.788, -0.474, 0.354, 0.028
0.805, -0.474, 0.354, 0.028
0.821, -0.474, 0.354, 0.028
0.838, -0.474, 0.354, 0.028
0.854, -0.474, 0.354, 0.028
0.871, -0.473, 0.354, 0.028
0.888, -0.474, 0.354, 0.028
0.905, -0.474, 0.354, 0.028
0.921, -0.473, 0.354, 0.028
0.938, -0.474, 0.354, 0.028
0.954, -0.474, 0.354, 0.027
0.971, -0.474, 0.354, 0.028
0.988, -0.474, 0.354, 0.028
1.004, -0.474, 0.354, 0.028
1.021, -0.474, 0.354, 0.028
1.038, -0.474, 0.354, 0.028
1.055, -0.474, 0.354, 0.027
1.071, -0.474, 0.354, 0.028
1.088, -0.474, 0.354, 0.028
1.104, -0.474, 0.354, 0.030
1.121, -0.474, 0.354, 0.028
1.138, -0.474, 0.354, 0.027
1.155, -0.474, 0.354, 0.029
1.171, -0.474, 0.354, 0.028
1.188, -0.474, 0.354, 0.027
1.204, -0.474, 0.354, 0.028
1.221, -0.474, 0.354, 0.028
1.238, -0.474, 0.353, 0.029
1.255, -0.474, 0.354, 0.028
1.271, -0.474, 0.354, 0.028
1.287, -0.473, 0.354, 0.028
1.304, -0.474, 0.354, 0.028
1.321, -0.474, 0.354, 0.028
1.338, -0.474, 0.354, 0.028
1.354, -0.474, 0.354, 0.028
1.371, -0.474, 0.354, 0.028
1.388, -0.474, 0.354, 0.028
1.404, -0.474, 0.354, 0.028
1.421, -0.474, 0.354, 0.027
1.438, -0.474, 0.354, 0.028
1.455, -0.474, 0.354, 0.028
1.471, -0.474, 0.354, 0.028
1.488, -0.474, 0.354, 0.028
1.504, -0.474, 0.354, 0.028
1.521, -0.474, 0.354, 0.028
1.538, -0.473, 0.354, 0.028
1.554, -0.474, 0.354, 0.028
1.571, -0.474, 0.354, 0.027
1.588, -0.474, 0.354, 0.028
1.604, -0.474, 0.354, 0.028
1.621, -0.474, 0.353, 0.029
1.638, -0.474, 0.354, 0.028
1.654, -0.474, 0.354, 0.028
1.671, -0.474, 0.354, 0.028
1.688, -0.474, 0.354, 0.028
1.704, -0.474, 0.354, 0.028
1.721, -0.474, 0.354, 0.028
1.738, -0.474, 0.354, 0.027
1.754, -0.474, 0.354, 0.027
1.771, -0.474, 0.354, 0.028
1.788, -0.474, 0.354, 0.028
1.804, -0.474, 0.354, 0.027
1.821, -0.474, 0.354, 0.028
1.838, -0.474, 0.354, 0.028
1.854, -0.474, 0.354, 0.028
1.871, -0.474, 0.354, 0.028
1.888, -0.474, 0.354, 0.028
1.904, -0.473, 0.354, 0.028
1.921, -0.474, 0.354, 0.028
1.938, -0.474, 0.354, 0.028
1.954, -0.474, 0.354, 0.028
1.971, -0.474, 0.354, 0.028
1.988, -0.474, 0.354, 0.029
2.004, -0.474, 0.354, 0.028
2.021, -0.474, 0.354, 0.028
2.039, -0.473, 0.354, 0.028
2.055, -0.473, 0.354, 0.028
2.071, -0.474, 0.354, 0.028
2.088, -0.474, 0.354, 0.028
2.105, -0.474, 0.354, 0.028
2.121, -0.474, 0.354, 0.028
2.138, -0.474, 0.354, 0.028
2.155, -0.474, 0.354, 0.028
2.171, -0.474, 0.354, 0.028
2.188, -0.474, 0.354, 0.028
2.204, -0.474, 0.354, 0.028
2.221, -0.474, 0.354, 0.028
2.238, -0.474, 0.354, 0.028
2.254, -0.474, 0.354, 0.028
2.271, -0.474, 0.354, 0.027
2.288, -0.474, 0.354, 0.028
2.304, -0.474, 0.354, 0.028
2.321, -0.474, 0.354, 0.027
2.338, -0.474, 0.354, 0.028
2.354, -0.474, 0.354, 0.028
2.371, -0.474, 0.353, 0.029
2.388, -0.474, 0.354, 0.028
2.404, -0.474, 0.354, 0.028
2.421, -0.473, 0.354, 0.028
2.438, -0.474, 0.354, 0.028
2.454, -0.474, 0.354, 0.028
2.471, -0.474, 0.354, 0.028
2.488, -0.474, 0.354, 0.028
2.504, -0.474, 0.354, 0.027
2.521, -0.474, 0.354, 0.027
2.538, -0.474, 0.354, 0.028
2.554, -0.474, 0.354, 0.028
2.571, -0.474, 0.354, 0.028
2.588, -0.474, 0.354, 0.028
2.604, -0.474, 0.354, 0.028
2.621, -0.474, 0.354, 0.028
2.638, -0.474, 0.354, 0.028
2.654, -0.474, 0.354, 0.028
2.671, -0.474, 0.354, 0.028
2.688, -0.474, 0.354, 0.028
2.704, -0.474, 0.354, 0.028
2.721, -0.474, 0.354, 0.028
2.738, -0.474, 0.354, 0.027
2.754, -0.474, 0.354, 0.028
2.771, -0.474, 0.354, 0.028
2.788, -0.474, 0.353, 0.029
2.804, -0.474, 0.354, 0.028
2.821, -0.474, 0.354, 0.028
2.838, -0.473, 0.354, 0.028
2.854, -0.474, 0.354, 0.028
2.871, -0.474, 0.354, 0.028
2.888, -0.474, 0.354, 0.028
2.904, -0.474, 0.354, 0.028
2.921, -0.474, 0.354, 0.027
2.938, -0.474, 0.354, 0.028
2.954, -0.474, 0.354, 0.028
2.971, -0.474, 0.354, 0.027
2.988, -0.474, 0.354, 0.028
3.004, -0.474, 0.354, 0.028
3.021, -0.474, 0.354, 0.028
3.039, -0.474, 0.354, 0.028
3.054, -0.474, 0.354, 0.028
3.071, -0.474, 0.354, 0.028
3.088, -0.474, 0.354, 0.028
3.105, -0.474, 0.354, 0.027
3.121, -0.474, 0.354, 0.028
3.138, -0.474, 0.354, 0.028
3.154, -0.474, 0.354, 0.027
3.171, -0.474, 0.354, 0.030
3.188, -0.474, 0.354, 0.028
3.205, -0.474, 0.354, 0.028
3.221, -0.473, 0.354, 0.028
3.238, -0.474, 0.354, 0.028
3.254, -0.474, 0.353, 0.029
3.271, -0.474, 0.354, 0.028
3.289, -0.474, 0.354, 0.028
3.306, -0.474, 0.354, 0.028
3.321, -0.474, 0.354, 0.028
3.338, -0.474, 0.354, 0.028
3.354, -0.474, 0.354, 0.027
3.371, -0.474, 0.354, 0.028
3.388, -0.474, 0.354, 0.028
3.404, -0.474, 0.354, 0.028
3.421, -0.474, 0.354, 0.028
3.438, -0.474, 0.354, 0.027
3.454, -0.474, 0.354, 0.028
3.471, -0.474, 0.354, 0.028
3.488, -0.474, 0.354, 0.028
3.504, -0.474, 0.354, 0.028
3.521, -0.474, 0.354, 0.028
3.538, -0.473, 0.354, 0.028
3.554, -0.474, 0.354, 0.028
3.571, -0.474, 0.354, 0.028
3.588, -0.474, 0.354, 0.028
3.604, -0.474, 0.354, 0.028
3.621, -0.474, 0.354, 0.028
3.638, -0.474, 0.354, 0.028
3.658, -0.474, 0.354, 0.028
3.671, -0.474, 0.354, 0.028
3.688, -0.474, 0.354, 0.028
3.704, -0.474, 0.354, 0.028
3.721, -0.474, 0.354, 0.027
3.738, -0.474, 0.354, 0.028
3.754, -0.474, 0.354, 0.028
3.771, -0.474, 0.354, 0.028
3.788, -0.474, 0.354, 0.028
3.804, -0.474, 0.354, 0.028
3.821, -0.474, 0.354, 0.027
3.838, -0.474, 0.354, 0.028
3.854, -0.474, 0.354, 0.028
3.871, -0.473, 0.354, 0.028
3.888, -0.474, 0.354, 0.028
3.904, -0.474, 0.354, 0.028
3.921, -0.473, 0.354, 0.028
3.938, -0.474, 0.354, 0.028
3.954, -0.474, 0.354, 0.027
3.975, -0.474, 0.354, 0.028
3.988, -0.474, 0.354, 0.028
4.004, -0.474, 0.354, 0.027
4.021, -0.474, 0.354, 0.028
4.038, -0.474, 0.354, 0.028
4.054, -0.473, 0.354, 0.028
4.071, -0.474, 0.354, 0.028
4.088, -0.474, 0.354, 0.027
4.104, -0.474, 0.354, 0.027
4.121, -0.474, 0.354, 0.028
4.138, -0.474, 0.354, 0.027
4.154, -0.474, 0.353, 0.029
4.171, -0.474, 0.354, 0.028
4.188, -0.474, 0.354, 0.027
4.204, -0.474, 0.354, 0.028
4.221, -0.473, 0.354, 0.028
4.238, -0.474, 0.354, 0.028
4.254, -0.474, 0.354, 0.028
4.271, -0.474, 0.354, 0.028
4.288, -0.473, 0.354, 0.028
4.304, -0.474, 0.354, 0.028
4.321, -0.474, 0.354, 0.028
4.338, -0.474, 0.354, 0.027
4.354, -0.474, 0.354, 0.028
4.371, -0.474, 0.354, 0.028
4.388, -0.474, 0.354, 0.028
4.404, -0.474, 0.354, 0.028
4.421, -0.474, 0.354, 0.028
4.438, -0.474, 0.354, 0.028
4.455, -0.474, 0.354, 0.028
4.471, -0.474, 0.354, 0.028
4.488, -0.474, 0.354, 0.028
4.504, -0.474, 0.354, 0.028
4.521, -0.474, 0.353, 0.029
4.538, -0.474, 0.354, 0.028
4.554, -0.474, 0.354, 0.028
4.571, -0.474, 0.354, 0.027
4.588, -0.474, 0.354, 0.028
4.604, -0.474, 0.354, 0.028
4.621, -0.474, 0.354, 0.027
4.638, -0.474, 0.354, 0.028
4.654, -0.474, 0.354, 0.028
4.671, -0.474, 0.354, 0.030
4.688, -0.474, 0.354, 0.028
4.704, -0.474, 0.354, 0.028
4.721, -0.473, 0.354, 0.028
4.738, -0.474, 0.354, 0.028
4.754, -0.474, 0.354, 0.028
4.771, -0.474, 0.354, 0.028
4.788, -0.474, 0.354, 0.027
4.805, -0.474, 0.354, 0.028
4.821, -0.474, 0.354, 0.028
4.838, -0.474, 0.354, 0.028
4.855, -0.474, 0.354, 0.028
4.871, -0.474, 0.354, 0.028
4.888, -0.474, 0.354, 0.028
4.904, -0.474, 0.354, 0.028
4.921, -0.474, 0.354, 0.028
4.938, -0.474, 0.354, 0.027
4.954, -0.474, 0.354, 0.028
4.971, -0.474, 0.354, 0.028
4.988, -0.474, 0.354, 0.027
5.004, -0.473, 0.354, 0.028
5.021, -0.474, 0.354, 0.028
5.038, -0.474, 0.353, 0.029
5.054, -0.474, 0.354, 0.028
5.071, -0.474, 0.354, 0.028
5.088, -0.473, 0.354, 0.028
5.105, -0.474, 0.354, 0.028
5.121, -0.474, 0.354, 0.027
5.138, -0.474, 0.354, 0.028
5.154, -0.474, 0.354, 0.028
5.171, -0.474, 0.354, 0.028
5.188, -0.474, 0.354, 0.028
5.204, -0.474, 0.354, 0.028
5.221, -0.474, 0.354, 0.028
5.238, -0.473, 0.354, 0.028
5.254, -0.473, 0.354, 0.028
5.271, -0.474, 0.354, 0.027
5.288, -0.474, 0.354, 0.028
5.304, -0.474, 0.354, 0.027
5.321, -0.474, 0.354, 0.028
5.338, -0.474, 0.354, 0.028
5.354, -0.474, 0.354, 0.027
5.371, -0.474, 0.354, 0.027
5.388, -0.474, 0.354, 0.028
5.404, -0.474, 0.354, 0.028
5.421, -0.474, 0.354, 0.028
5.438, -0.474, 0.353, 0.029
5.454, -0.474, 0.354, 0.028
5.471, -0.473, 0.354, 0.028
5.488, -0.474, 0.354, 0.028
5.504, -0.474, 0.354, 0.027
5.521, -0.474, 0.354, 0.028
5.540, -0.474, 0.354, 0.028
5.554, -0.474, 0.353, 0.029
5.571, -0.474, 0.354, 0.028
5.588, -0.474, 0.354, 0.027
5.604, -0.474, 0.354, 0.027
5.621, -0.474, 0.354, 0.028
5.638, -0.474, 0.354, 0.027
5.654, -0.474, 0.354, 0.027
5.671, -0.474, 0.354, 0.028
5.688, -0.474, 0.354, 0.027
5.704, -0.474, 0.354, 0.028
5.721, -0.474, 0.354, 0.028
5.738, -0.474, 0.354, 0.027
5.755, -0.474, 0.354, 0.028
5.771, -0.474, 0.354, 0.028
5.788, -0.474, 0.354, 0.027
5.805, -0.474, 0.354, 0.028
5.821, -0.474, 0.354, 0.028
5.838, -0.473, 0.354, 0.028
5.855, -0.474, 0.354, 0.028
5.872, -0.474, 0.354, 0.028
5.888, -0.474, 0.354, 0.028
5.905, -0.474, 0.354, 0.028
5.921, -0.474, 0.354, 0.027
5.938, -0.474, 0.354, 0.028
5.955, -0.474, 0.354, 0.028
5.971, -0.474, 0.354, 0.028
5.988, -0.474, 0.354, 0.028
6.005, -0.474, 0.354, 0.028
6.022, -0.474, 0.354, 0.030
6.038, -0.474, 0.354, 0.028
6.055, -0.474, 0.354, 0.028
6.071, -0.474, 0.354, 0.028
6.088, -0.474, 0.354, 0.028
6.104, -0.474, 0.354, 0.028
6.121, -0.474, 0.354, 0.028
6.138, -0.474, 0.354, 0.028
6.155, -0.474, 0.354, 0.028
6.175, -0.474, 0.353, 0.029
6.188, -0.474, 0.354, 0.028
6.205, -0.474, 0.354, 0.028
6.222, -0.474, 0.354, 0.028
6.238, -0.474, 0.354, 0.028
6.254, -0.474, 0.354, 0.028
6.271, -0.474, 0.354, 0.028
6.288, -0.474, 0.354, 0.028
6.304, -0.474, 0.354, 0.027
6.321, -0.474, 0.354, 0.028
6.339, -0.474, 0.354, 0.028
6.354, -0.473, 0.354, 0.028
6.371, -0.474, 0.354, 0.028
6.388, -0.474, 0.354, 0.028
6.404, -0.474, 0.354, 0.028
6.421, -0.474, 0.354, 0.028
6.438, -0.474, 0.354, 0.027
6.454, -0.473, 0.354, 0.028
6.471, -0.474, 0.354, 0.028
6.488, -0.474, 0.354, 0.028
6.504, -0.474, 0.354, 0.028
6.521, -0.474, 0.354, 0.028
6.538, -0.474, 0.354, 0.028
6.555, -0.474, 0.354, 0.028
6.572, -0.474, 0.354, 0.028
6.588, -0.474, 0.354, 0.028
6.605, -0.474, 0.354, 0.028
6.622, -0.474, 0.354, 0.028
6.638, -0.474, 0.354, 0.028
6.655, -0.474, 0.354, 0.028
6.671, -0.474, 0.354, 0.028
6.688, -0.474, 0.354, 0.028
6.704, -0.474, 0.354, 0.028
6.721, -0.474, 0.354, 0.028
6.738, -0.474, 0.354, 0.028
6.755, -0.474, 0.354, 0.028
6.771, -0.474, 0.354, 0.028
6.788, -0.474, 0.354, 0.028
6.805, -0.474, 0.354, 0.028
6.821, -0.474, 0.354, 0.028
6.838, -0.474, 0.354, 0.027
6.854, -0.474, 0.354, 0.028
6.871, -0.474, 0.354, 0.028
6.888, -0.474, 0.354, 0.028
6.904, -0.474, 0.354, 0.028
6.921, -0.474, 0.354, 0.028
6.938, -0.473, 0.354, 0.028
6.954, -0.474, 0.354, 0.028
6.971, -0.474, 0.354, 0.028
6.988, -0.473, 0.354, 0.028
7.005, -0.474, 0.354, 0.028
7.021, -0.474, 0.354, 0.028
7.038, -0.474, 0.354, 0.028
7.054, -0.474, 0.353, 0.029
7.071, -0.474, 0.353, 0.029
7.088, -0.474, 0.354, 0.028
7.105, -0.474, 0.354, 0.028
7.121, -0.474, 0.354, 0.028
7.138, -0.474, 0.354, 0.028
7.155, -0.474, 0.354, 0.028
7.171, -0.474, 0.354, 0.028
7.188, -0.474, 0.354, 0.028
7.205, -0.474, 0.354, 0.028
7.221, -0.474, 0.354, 0.028
7.238, -0.474, 0.354, 0.028
7.254, -0.474, 0.354, 0.028
7.271, -0.474, 0.354, 0.028
7.288, -0.474, 0.354, 0.028
7.304, -0.474, 0.354, 0.028
7.321, -0.474, 0.354, 0.028
7.338, -0.474, 0.354, 0.028
7.354, -0.474, 0.354, 0.028
7.371, -0.474, 0.354, 0.028
7.388, -0.474, 0.354, 0.028
7.404, -0.474, 0.354, 0.028
7.421, -0.474, 0.353, 0.030
7.438, -0.474, 0.354, 0.028
7.454, -0.474, 0.354, 0.028
7.471, -0.474, 0.354, 0.028
7.488, -0.474, 0.354, 0.028
7.504, -0.473, 0.354, 0.028
7.521, -0.474, 0.353, 0.030
7.538, -0.474, 0.354, 0.028
7.554, -0.474, 0.354, 0.028
7.571, -0.474, 0.353, 0.030
7.588, -0.474, 0.354, 0.028
7.604, -0.474, 0.354, 0.028
7.621, -0.474, 0.354, 0.028
7.638, -0.474, 0.354, 0.028
7.654, -0.474, 0.354, 0.028
7.671, -0.474, 0.355, 0.028
7.688, -0.474, 0.354, 0.028
7.704, -0.474, 0.354, 0.028
7.721, -0.474, 0.354, 0.028
7.738, -0.473, 0.354, 0.028
7.754, -0.473, 0.354, 0.028
7.771, -0.473, 0.354, 0.028
7.788, -0.473, 0.354, 0.028
7.805, -0.472, 0.353, 0.030
7.821, -0.472, 0.354, 0.028
7.838, -0.472, 0.353, 0.029
7.855, -0.472, 0.353, 0.031
7.871, -0.472, 0.353, 0.029
7.888, -0.471, 0.352, 0.030
7.904, -0.471, 0.352, 0.029
7.921, -0.471, 0.352, 0.030
7.938, -0.471, 0.351, 0.031
7.954, -0.471, 0.351, 0.031
7.971, -0.470, 0.351, 0.029
7.988, -0.471, 0.351, 0.030
8.004, -0.470, 0.350, 0.031
8.021, -0.470, 0.350, 0.030
8.038, -0.470, 0.350, 0.030
8.054, -0.470, 0.349, 0.031
8.071, -0.469, 0.348, 0.031
8.088, -0.468, 0.348, 0.032
8.104, -0.468, 0.348, 0.031
8.122, -0.467, 0.347, 0.032
8.138, -0.467, 0.346, 0.032
8.154, -0.467, 0.346, 0.032
8.171, -0.467, 0.346, 0.032
8.188, -0.463, 0.344, 0.033
8.205, -0.462, 0.344, 0.033
8.221, -0.459, 0.342, 0.034
8.238, -0.458, 0.342, 0.033
8.259, -0.456, 0.341, 0.033
8.271, -0.454, 0.340, 0.033
8.288, -0.451, 0.339, 0.033
8.304, -0.448, 0.338, 0.033
8.322, -0.446, 0.337, 0.034
8.338, -0.442, 0.336, 0.033
8.358, -0.440, 0.335, 0.033
8.372, -0.439, 0.335, 0.033
8.388, -0.439, 0.335, 0.033
8.405, -0.430, 0.332, 0.034
8.421, -0.423, 0.330, 0.035
8.438, -0.419, 0.328, 0.037
8.460, -0.419, 0.328, 0.037
8.471, -0.413, 0.327, 0.039
8.488, -0.406, 0.325, 0.039
8.505, -0.404, 0.324, 0.041
8.521, -0.399, 0.323, 0.041
8.538, -0.391, 0.321, 0.044
8.554, -0.389, 0.321, 0.045
8.571, -0.383, 0.319, 0.047
8.588, -0.376, 0.317, 0.051
8.604, -0.370, 0.316, 0.053
8.621, -0.364, 0.313, 0.056
8.638, -0.358, 0.313, 0.058
8.655, -0.356, 0.313, 0.060
8.671, -0.350, 0.311, 0.063
8.688, -0.341, 0.309, 0.068
8.704, -0.338, 0.308, 0.070
8.721, -0.331, 0.307, 0.074
8.738, -0.322, 0.305, 0.081
8.754, -0.316, 0.303, 0.085
8.771, -0.313, 0.303, 0.087
8.788, -0.304, 0.300, 0.094
8.805, -0.301, 0.300, 0.097
8.822, -0.292, 0.298, 0.105
8.838, -0.287, 0.297, 0.111
8.855, -0.284, 0.296, 0.113
8.871, -0.279, 0.294, 0.119
8.888, -0.272, 0.293, 0.128
8.904, -0.268, 0.291, 0.134
8.921, -0.264, 0.290, 0.140
8.938, -0.261, 0.289, 0.146
8.955, -0.259, 0.288, 0.149
8.971, -0.256, 0.287, 0.155
8.988, -0.253, 0.285, 0.163
9.004, -0.252, 0.284, 0.169
9.022, -0.252, 0.283, 0.172
9.038, -0.251, 0.281, 0.180
9.054, -0.252, 0.280, 0.185
9.071, -0.252, 0.280, 0.187
9.088, -0.254, 0.279, 0.194
9.104, -0.256, 0.278, 0.196
9.122, -0.260, 0.278, 0.203
9.138, -0.263, 0.277, 0.207
9.155, -0.265, 0.277, 0.208
9.171, -0.269, 0.277, 0.212
9.188, -0.276, 0.277, 0.216
9.204, -0.281, 0.278, 0.218
9.221, -0.286, 0.279, 0.219
9.238, -0.291, 0.280, 0.220
9.255, -0.294, 0.280, 0.219
9.271, -0.299, 0.281, 0.220
9.288, -0.307, 0.283, 0.219
9.305, -0.312, 0.284, 0.217
9.321, -0.314, 0.285, 0.216
9.338, -0.321, 0.287, 0.212
9.355, -0.323, 0.288, 0.210
9.371, -0.327, 0.290, 0.208
9.388, -0.333, 0.292, 0.202
9.405, -0.336, 0.293, 0.198
9.421, -0.337, 0.294, 0.196
9.438, -0.341, 0.297, 0.191
9.455, -0.343, 0.297, 0.189
9.471, -0.345, 0.298, 0.185
9.488, -0.347, 0.300, 0.179
9.505, -0.348, 0.301, 0.175
9.521, -0.349, 0.301, 0.173
9.538, -0.350, 0.301, 0.167
9.555, -0.351, 0.301, 0.163
9.571, -0.351, 0.301, 0.160
9.588, -0.352, 0.300, 0.154
9.605, -0.352, 0.299, 0.148
9.621, -0.352, 0.297, 0.142
9.638, -0.351, 0.295, 0.136
9.655, -0.351, 0.294, 0.133
9.671, -0.351, 0.292, 0.127
9.688, -0.351, 0.288, 0.117
9.705, -0.351, 0.286, 0.113
9.722, -0.351, 0.283, 0.107
9.738, -0.352, 0.278, 0.097
9.755, -0.353, 0.276, 0.093
9.771, -0.354, 0.272, 0.086
9.788, -0.356, 0.267, 0.076
9.804, -0.358, 0.264, 0.069
9.821, -0.361, 0.261, 0.063
9.838, -0.363, 0.259, 0.057
9.854, -0.365, 0.257, 0.053
9.871, -0.369, 0.255, 0.047
9.888, -0.374, 0.253, 0.038
9.905, -0.378, 0.252, 0.034
9.921, -0.381, 0.250, 0.031
9.938, -0.383, 0.250, 0.033
9.955, -0.384, 0.250, 0.035
9.971, -0.385, 0.251, 0.040
9.988, -0.387, 0.250, 0.046
10.005, -0.389, 0.251, 0.051
10.021, -0.391, 0.251, 0.057
10.038, -0.392, 0.250, 0.063
10.055, -0.393, 0.250, 0.067
10.071, -0.395, 0.250, 0.074
10.088, -0.398, 0.250, 0.085
10.105, -0.399, 0.250, 0.089
10.121, -0.402, 0.251, 0.102
10.138, -0.403, 0.251, 0.106
10.155, -0.405, 0.252, 0.115
10.171, -0.407, 0.252, 0.124
10.188, -0.410, 0.253, 0.139
10.205, -0.411, 0.253, 0.143
10.221, -0.413, 0.253, 0.153
10.238, -0.416, 0.254, 0.168
10.254, -0.418, 0.255, 0.178
10.271, -0.419, 0.255, 0.182
10.288, -0.422, 0.257, 0.197
10.305, -0.423, 0.257, 0.202
10.321, -0.426, 0.258, 0.216
10.338, -0.427, 0.259, 0.221
10.355, -0.429, 0.260, 0.231
10.371, -0.430, 0.261, 0.240
10.388, -0.433, 0.263, 0.253
10.405, -0.434, 0.263, 0.262
10.421, -0.435, 0.264, 0.266
10.438, -0.437, 0.266, 0.279
10.455, -0.438, 0.266, 0.283
10.471, -0.439, 0.268, 0.292
10.488, -0.440, 0.269, 0.304
10.505, -0.441, 0.270, 0.308
10.521, -0.442, 0.271, 0.316
10.538, -0.443, 0.273, 0.327
10.555, -0.444, 0.275, 0.335
10.572, -0.444, 0.275, 0.338
10.588, -0.445, 0.277, 0.349
10.605, -0.446, 0.278, 0.356
10.621, -0.446, 0.279, 0.360
10.638, -0.446, 0.281, 0.370
10.655, -0.446, 0.281, 0.373
10.672, -0.446, 0.283, 0.380
10.688, -0.446, 0.284, 0.389
10.704, -0.446, 0.285, 0.392
10.721, -0.446, 0.286, 0.398
10.738, -0.446, 0.287, 0.407
10.755, -0.446, 0.287, 0.410
10.771, -0.445, 0.288, 0.416
10.788, -0.445, 0.290, 0.424
10.805, -0.445, 0.290, 0.431
10.821, -0.445, 0.291, 0.433
10.838, -0.444, 0.292, 0.442
10.854, -0.444, 0.292, 0.445
10.871, -0.443, 0.293, 0.452
10.888, -0.443, 0.294, 0.461
10.904, -0.443, 0.294, 0.467
10.921, -0.443, 0.295, 0.470
10.938, -0.442, 0.296, 0.478
10.955, -0.442, 0.296, 0.481
10.971, -0.442, 0.296, 0.486
10.988, -0.442, 0.297, 0.495
11.004, -0.442, 0.297, 0.500
11.021, -0.442, 0.298, 0.503
11.038, -0.442, 0.298, 0.511
11.058, -0.442, 0.298, 0.513
11.071, -0.442, 0.299, 0.518
11.088, -0.442, 0.299, 0.525
11.105, -0.442, 0.299, 0.530
11.121, -0.443, 0.299, 0.532
11.138, -0.443, 0.300, 0.538
11.158, -0.443, 0.299, 0.540
11.171, -0.444, 0.300, 0.545
11.188, -0.445, 0.300, 0.551
11.204, -0.445, 0.300, 0.554
11.221, -0.445, 0.300, 0.556
11.239, -0.446, 0.300, 0.563
11.254, -0.447, 0.300, 0.564
11.271, -0.447, 0.300, 0.568
11.288, -0.448, 0.300, 0.573
11.305, -0.449, 0.300, 0.575
11.321, -0.450, 0.300, 0.580
11.338, -0.451, 0.300, 0.583
11.354, -0.452, 0.300, 0.585
11.373, -0.452, 0.300, 0.589
11.388, -0.454, 0.300, 0.593
11.405, -0.454, 0.300, 0.595
11.421, -0.456, 0.300, 0.600
11.438, -0.457, 0.300, 0.603
11.454, -0.458, 0.299, 0.605
11.471, -0.459, 0.299, 0.607
11.488, -0.461, 0.299, 0.611
11.504, -0.461, 0.299, 0.613
11.521, -0.463, 0.299, 0.617
11.538, -0.464, 0.299, 0.620
11.554, -0.465, 0.299, 0.623
11.571, -0.466, 0.299, 0.623
11.588, -0.468, 0.299, 0.627
11.604, -0.469, 0.299, 0.630
11.621, -0.470, 0.299, 0.631
11.638, -0.472, 0.299, 0.634
11.654, -0.473, 0.299, 0.636
11.671, -0.474, 0.299, 0.637
11.688, -0.476, 0.299, 0.640
11.704, -0.477, 0.299, 0.641
11.721, -0.478, 0.299, 0.643
11.738, -0.480, 0.299, 0.646
11.755, -0.481, 0.299, 0.647
11.771, -0.482, 0.299, 0.649
11.788, -0.484, 0.299, 0.651
11.804, -0.485, 0.299, 0.652
11.821, -0.487, 0.299, 0.655
11.838, -0.488, 0.299, 0.656
11.855, -0.488, 0.299, 0.657
11.871, -0.490, 0.299, 0.658
11.888, -0.491, 0.299, 0.661
11.904, -0.492, 0.299, 0.662
11.921, -0.493, 0.299, 0.663
11.938, -0.495, 0.299, 0.665
11.954, -0.495, 0.299, 0.666
11.971, -0.496, 0.299, 0.667
11.988, -0.497, 0.299, 0.671
12.004, -0.498, 0.298, 0.672
12.021, -0.499, 0.298, 0.674
12.038, -0.500, 0.298, 0.675
12.054, -0.501, 0.298, 0.677
12.071, -0.501, 0.298, 0.677
12.088, -0.502, 0.298, 0.680
12.104, -0.503, 0.298, 0.680
12.121, -0.504, 0.298, 0.683
12.138, -0.504, 0.298, 0.684
12.155, -0.505, 0.298, 0.684
12.171, -0.505, 0.298, 0.685
12.188, -0.506, 0.297, 0.686
12.204, -0.507, 0.297, 0.688
12.221, -0.507, 0.297, 0.688
12.238, -0.507, 0.297, 0.689
12.254, -0.508, 0.297, 0.689
12.271, -0.508, 0.297, 0.690
12.288, -0.509, 0.296, 0.690
12.304, -0.509, 0.296, 0.691
12.321, -0.509, 0.296, 0.691
12.338, -0.510, 0.296, 0.691
12.354, -0.510, 0.296, 0.692
12.371, -0.510, 0.295, 0.692
12.388, -0.510, 0.295, 0.693
12.404, -0.510, 0.295, 0.693
12.421, -0.510, 0.294, 0.693
12.438, -0.510, 0.294, 0.694
12.454, -0.511, 0.294, 0.694
12.471, -0.510, 0.294, 0.695
12.488, -0.510, 0.293, 0.695
12.504, -0.510, 0.293, 0.695
12.521, -0.510, 0.293, 0.696
12.538, -0.510, 0.292, 0.696
12.554, -0.510, 0.292, 0.697
12.571, -0.510, 0.292, 0.697
12.588, -0.510, 0.291, 0.698
12.604, -0.509, 0.291, 0.698
12.621, -0.509, 0.291, 0.699
12.638, -0.509, 0.290, 0.699
12.654, -0.509, 0.290, 0.699
12.671, -0.509, 0.290, 0.699
12.688, -0.508, 0.290, 0.700
12.704, -0.508, 0.289, 0.700
12.721, -0.508, 0.289, 0.700
12.738, -0.508, 0.289, 0.699
12.754, -0.508, 0.289, 0.699
12.771, -0.507, 0.288, 0.699
12.788, -0.507, 0.288, 0.699
12.804, -0.507, 0.288, 0.699
12.821, -0.507, 0.288, 0.698
12.838, -0.506, 0.288, 0.698
12.854, -0.506, 0.287, 0.697
12.871, -0.506, 0.287, 0.697
12.888, -0.506, 0.287, 0.696
12.904, -0.506, 0.287, 0.696
12.921, -0.506, 0.287, 0.695
12.938, -0.506, 0.287, 0.695
12.954, -0.506, 0.287, 0.694
12.971, -0.506, 0.287, 0.693
12.988, -0.505, 0.287, 0.692
13.004, -0.505, 0.286, 0.691
13.021, -0.505, 0.286, 0.690
13.038, -0.505, 0.286, 0.689
13.054, -0.506, 0.286, 0.688
13.071, -0.505, 0.286, 0.687
13.088, -0.505, 0.286, 0.685
13.104, -0.505, 0.286, 0.685
13.121, -0.506, 0.286, 0.684
13.138, -0.506, 0.286, 0.682
13.155, -0.506, 0.286, 0.681
13.171, -0.506, 0.286, 0.680
13.188, -0.506, 0.286, 0.679
13.205, -0.506, 0.286, 0.678
13.221, -0.506, 0.286, 0.677
13.238, -0.506, 0.287, 0.676
13.254, -0.506, 0.287, 0.675
13.271, -0.506, 0.287, 0.674
13.288, -0.506, 0.287, 0.672
13.304, -0.506, 0.287, 0.672
13.321, -0.506, 0.287, 0.671
13.338, -0.506, 0.287, 0.670
13.355, -0.506, 0.287, 0.669
13.371, -0.506, 0.288, 0.668
13.388, -0.506, 0.288, 0.667
13.404, -0.506, 0.288, 0.667
13.422, -0.506, 0.289, 0.665
13.438, -0.506, 0.289, 0.665
13.454, -0.506, 0.289, 0.664
13.471, -0.507, 0.290, 0.663
13.488, -0.507, 0.290, 0.662
13.504, -0.507, 0.291, 0.661
13.521, -0.507, 0.291, 0.660
13.538, -0.507, 0.291, 0.660
13.555, -0.507, 0.292, 0.659
13.571, -0.507, 0.292, 0.658
13.588, -0.508, 0.293, 0.657
13.604, -0.508, 0.293, 0.657
13.621, -0.508, 0.295, 0.656
13.640, -0.508, 0.295, 0.655
13.655, -0.509, 0.296, 0.655
13.671, -0.509, 0.296, 0.655
13.688, -0.509, 0.297, 0.653
13.704, -0.510, 0.298, 0.653
13.721, -0.510, 0.299, 0.652
13.740, -0.510, 0.300, 0.651
13.754, -0.511, 0.300, 0.650
13.771, -0.511, 0.301, 0.650
13.788, -0.512, 0.302, 0.648
13.804, -0.512, 0.302, 0.648
13.821, -0.512, 0.304, 0.647
13.838, -0.513, 0.304, 0.646
13.854, -0.513, 0.305, 0.646
13.871, -0.513, 0.306, 0.645
13.888, -0.514, 0.307, 0.643
13.904, -0.514, 0.307, 0.643
13.921, -0.514, 0.308, 0.641
13.938, -0.514, 0.309, 0.640
13.954, -0.514, 0.309, 0.640
13.971, -0.514, 0.310, 0.639
13.988, -0.515, 0.311, 0.637
14.004, -0.515, 0.312, 0.637
14.021, -0.515, 0.313, 0.635
14.038, -0.515, 0.313, 0.634
14.054, -0.515, 0.314, 0.633
14.071, -0.515, 0.314, 0.632
14.088, -0.515, 0.315, 0.631
14.104, -0.515, 0.315, 0.630
14.121, -0.514, 0.316, 0.628
14.138, -0.514, 0.316, 0.627
14.155, -0.514, 0.317, 0.626
14.171, -0.514, 0.317, 0.625
14.188, -0.514, 0.317, 0.623
14.204, -0.513, 0.318, 0.622
14.221, -0.513, 0.318, 0.620
14.238, -0.513, 0.318, 0.619
14.257, -0.513, 0.318, 0.618
14.271, -0.512, 0.319, 0.617
14.288, -0.512, 0.319, 0.615
14.304, -0.512, 0.319, 0.613
14.321, -0.511, 0.319, 0.612
14.338, -0.511, 0.319, 0.611
14.355, -0.511, 0.319, 0.610
14.371, -0.510, 0.319, 0.609
14.388, -0.509, 0.319, 0.608
14.405, -0.509, 0.319, 0.606
14.421, -0.508, 0.319, 0.605
14.438, -0.508, 0.318, 0.604
14.455, -0.508, 0.318, 0.604
14.473, -0.507, 0.318, 0.603
14.488, -0.506, 0.317, 0.602
14.504, -0.506, 0.317, 0.602
14.521, -0.505, 0.316, 0.601
14.538, -0.504, 0.316, 0.601
14.555, -0.504, 0.316, 0.600
14.572, -0.503, 0.315, 0.600
14.588, -0.502, 0.314, 0.599
14.604, -0.502, 0.314, 0.599
14.621, -0.501, 0.313, 0.598
14.638, -0.500, 0.312, 0.597
14.654, -0.500, 0.312, 0.597
14.671, -0.500, 0.311, 0.597
14.688, -0.499, 0.310, 0.596
14.704, -0.498, 0.310, 0.596
14.721, -0.498, 0.308, 0.595
14.738, -0.497, 0.308, 0.594
14.754, -0.497, 0.307, 0.594
14.771, -0.497, 0.306, 0.593
14.788, -0.496, 0.305, 0.593
14.804, -0.496, 0.304, 0.592
14.821, -0.495, 0.303, 0.591
14.838, -0.495, 0.302, 0.591
14.854, -0.495, 0.302, 0.591
14.871, -0.495, 0.301, 0.590
14.888, -0.494, 0.299, 0.589
14.904, -0.494, 0.299, 0.588
14.921, -0.494, 0.298, 0.587
14.938, -0.494, 0.297, 0.587
14.954, -0.494, 0.295, 0.586
14.971, -0.494, 0.295, 0.585
14.988, -0.494, 0.294, 0.584
15.004, -0.494, 0.293, 0.583
15.021, -0.494, 0.292, 0.582
15.038, -0.494, 0.291, 0.582
15.054, -0.494, 0.290, 0.581
15.071, -0.494, 0.290, 0.580
15.088, -0.494, 0.289, 0.580
15.104, -0.494, 0.288, 0.579
15.121, -0.494, 0.287, 0.578
15.138, -0.494, 0.286, 0.577
15.154, -0.495, 0.285, 0.577
15.171, -0.495, 0.285, 0.577
15.188, -0.495, 0.284, 0.576
15.205, -0.495, 0.284, 0.575
15.221, -0.495, 0.283, 0.575
15.238, -0.495, 0.282, 0.574
15.254, -0.495, 0.282, 0.573
15.271, -0.495, 0.281, 0.573
15.288, -0.496, 0.280, 0.572
15.304, -0.496, 0.280, 0.571
15.321, -0.496, 0.279, 0.570
15.338, -0.496, 0.279, 0.569
15.354, -0.496, 0.278, 0.569
15.371, -0.496, 0.278, 0.569
15.388, -0.496, 0.277, 0.567
15.404, -0.496, 0.277, 0.566
15.421, -0.496, 0.277, 0.566
15.438, -0.496, 0.276, 0.565
15.454, -0.496, 0.276, 0.565
15.471, -0.496, 0.276, 0.564
15.488, -0.496, 0.276, 0.564
15.504, -0.496, 0.276, 0.563
15.521, -0.496, 0.275, 0.562
15.538, -0.496, 0.275, 0.562
15.554, -0.496, 0.275, 0.562
15.571, -0.495, 0.274, 0.561
15.588, -0.495, 0.273, 0.560
15.604, -0.495, 0.273, 0.560
15.621, -0.494, 0.272, 0.559
15.638, -0.493, 0.271, 0.558
15.654, -0.493, 0.270, 0.558
15.671, -0.492, 0.270, 0.558
15.688, -0.491, 0.267, 0.557
15.704, -0.490, 0.267, 0.556
15.721, -0.489, 0.264, 0.556
15.738, -0.488, 0.263, 0.555
15.754, -0.487, 0.262, 0.555
15.771, -0.485, 0.259, 0.554
15.788, -0.483, 0.256, 0.554
15.804, -0.481, 0.254, 0.553
15.822, -0.480, 0.251, 0.553
15.838, -0.478, 0.248, 0.553
15.854, -0.476, 0.245, 0.553
15.871, -0.474, 0.241, 0.552
15.888, -0.471, 0.238, 0.553
15.904, -0.470, 0.236, 0.552
15.921, -0.467, 0.230, 0.553
15.938, -0.464, 0.226, 0.553
15.954, -0.463, 0.224, 0.552
15.971, -0.461, 0.220, 0.553
15.988, -0.457, 0.213, 0.553
16.004, -0.454, 0.208, 0.553
16.021, -0.451, 0.204, 0.553
16.038, -0.450, 0.201, 0.553
16.054, -0.446, 0.194, 0.553
16.071, -0.444, 0.191, 0.553
16.088, -0.440, 0.183, 0.553
16.104, -0.439, 0.181, 0.553
16.121, -0.434, 0.173, 0.552
16.138, -0.433, 0.170, 0.552
16.155, -0.430, 0.165, 0.552
16.171, -0.427, 0.159, 0.552
16.188, -0.423, 0.151, 0.551
16.204, -0.421, 0.148, 0.551
16.221, -0.417, 0.140, 0.550
16.240, -0.414, 0.134, 0.551
16.254, -0.412, 0.131, 0.551
16.271, -0.409, 0.126, 0.550
16.288, -0.405, 0.117, 0.550
16.304, -0.404, 0.115, 0.550
16.321, -0.399, 0.107, 0.549
16.338, -0.397, 0.101, 0.549
16.354, -0.394, 0.096, 0.549
16.371, -0.392, 0.093, 0.548
16.388, -0.388, 0.085, 0.548
16.404, -0.385, 0.080, 0.547
16.421, -0.384, 0.077, 0.547
16.442, -0.380, 0.070, 0.546
16.454, -0.377, 0.065, 0.545
16.471, -0.376, 0.062, 0.545
16.488, -0.372, 0.055, 0.544
16.504, -0.370, 0.050, 0.544
16.521, -0.368, 0.045, 0.543
16.538, -0.365, 0.040, 0.542
16.554, -0.364, 0.037, 0.542
16.571, -0.362, 0.032, 0.541
16.588, -0.359, 0.025, 0.541
16.604, -0.356, 0.020, 0.540
16.621, -0.355, 0.015, 0.540
16.638, -0.352, 0.011, 0.539
16.654, -0.351, 0.008, 0.539
16.671, -0.350, 0.003, 0.538
16.688, -0.347, -0.004, 0.538
16.704, -0.345, -0.009, 0.537
16.721, -0.344, -0.014, 0.537
16.738, -0.342, -0.018, 0.537
16.757, -0.342, -0.021, 0.537
16.771, -0.340, -0.026, 0.537
16.788, -0.338, -0.033, 0.536
16.804, -0.336, -0.038, 0.536
16.821, -0.335, -0.043, 0.536
16.838, -0.334, -0.048, 0.536
16.854, -0.333, -0.050, 0.536
16.871, -0.332, -0.055, 0.536
16.890, -0.330, -0.062, 0.536
16.905, -0.329, -0.065, 0.535
16.921, -0.327, -0.072, 0.535
16.938, -0.326, -0.077, 0.535
16.954, -0.325, -0.079, 0.534
16.971, -0.324, -0.084, 0.534
16.988, -0.323, -0.089, 0.534
17.005, -0.321, -0.094, 0.533
17.022, -0.320, -0.099, 0.532
17.038, -0.318, -0.107, 0.531
17.054, -0.316, -0.112, 0.531
17.071, -0.315, -0.114, 0.530
17.088, -0.313, -0.121, 0.530
17.104, -0.311, -0.126, 0.529
17.121, -0.311, -0.129, 0.528
17.138, -0.308, -0.136, 0.527
17.154, -0.306, -0.142, 0.527
17.171, -0.305, -0.144, 0.526
17.188, -0.303, -0.151, 0.526
17.205, -0.302, -0.154, 0.525
17.221, -0.299, -0.161, 0.525
17.238, -0.297, -0.166, 0.524
17.255, -0.297, -0.168, 0.524
17.275, -0.295, -0.173, 0.523
17.288, -0.292, -0.180, 0.523
17.304, -0.290, -0.186, 0.522
17.321, -0.289, -0.190, 0.522
17.338, -0.287, -0.195, 0.522
17.354, -0.286, -0.197, 0.522
17.371, -0.284, -0.202, 0.522
17.388, -0.282, -0.207, 0.521
17.405, -0.280, -0.212, 0.521
17.421, -0.278, -0.216, 0.521
17.438, -0.274, -0.224, 0.520
17.454, -0.272, -0.228, 0.519
17.471, -0.271, -0.230, 0.519
17.488, -0.268, -0.237, 0.518
17.504, -0.265, -0.241, 0.517
17.521, -0.263, -0.246, 0.517
17.538, -0.260, -0.250, 0.516
17.554, -0.258, -0.252, 0.516
17.571, -0.256, -0.257, 0.515
17.588, -0.251, -0.263, 0.514
17.605, -0.248, -0.267, 0.513
17.621, -0.245, -0.271, 0.513
17.638, -0.242, -0.275, 0.512
17.654, -0.239, -0.279, 0.512
17.671, -0.238, -0.281, 0.511
17.688, -0.233, -0.287, 0.511
17.704, -0.231, -0.289, 0.511
17.721, -0.226, -0.294, 0.511
17.738, -0.223, -0.298, 0.511
17.754, -0.221, -0.299, 0.511
17.771, -0.218, -0.303, 0.511
17.788, -0.213, -0.308, 0.511
17.804, -0.210, -0.311, 0.512
17.821, -0.206, -0.315, 0.511
17.838, -0.203, -0.318, 0.511
17.854, -0.201, -0.319, 0.511
17.871, -0.197, -0.323, 0.511
17.888, -0.193, -0.328, 0.511
17.905, -0.189, -0.331, 0.512
17.921, -0.187, -0.332, 0.512
17.938, -0.182, -0.337, 0.513
17.954, -0.179, -0.341, 0.513
17.971, -0.177, -0.342, 0.514
17.988, -0.173, -0.347, 0.514
18.004, -0.169, -0.351, 0.515
18.021, -0.167, -0.354, 0.516
18.038, -0.164, -0.358, 0.516
18.055, -0.162, -0.359, 0.517
18.071, -0.159, -0.363, 0.518
18.088, -0.156, -0.368, 0.518
18.105, -0.153, -0.372, 0.519
18.121, -0.151, -0.376, 0.519
18.138, -0.148, -0.379, 0.520
18.155, -0.147, -0.381, 0.520
18.171, -0.145, -0.385, 0.521
18.188, -0.142, -0.390, 0.521
18.204, -0.140, -0.394, 0.521
18.221, -0.139, -0.396, 0.521
18.238, -0.136, -0.401, 0.522
18.255, -0.136, -0.403, 0.522
18.271, -0.135, -0.407, 0.522
18.289, -0.132, -0.412, 0.522
18.304, -0.131, -0.416, 0.521
18.321, -0.130, -0.420, 0.521
18.338, -0.129, -0.423, 0.521
18.355, -0.128, -0.427, 0.520
18.371, -0.127, -0.429, 0.520
18.388, -0.126, -0.434, 0.519
18.404, -0.126, -0.436, 0.519
18.421, -0.125, -0.440, 0.518
18.438, -0.124, -0.445, 0.517
18.454, -0.124, -0.446, 0.516
18.471, -0.123, -0.450, 0.516
18.489, -0.122, -0.455, 0.514
18.505, -0.122, -0.456, 0.514
18.521, -0.121, -0.461, 0.512
18.538, -0.120, -0.465, 0.511
18.556, -0.120, -0.466, 0.511
18.571, -0.120, -0.470, 0.509
18.588, -0.119, -0.474, 0.508
18.604, -0.119, -0.476, 0.507
18.621, -0.118, -0.481, 0.505
18.638, -0.118, -0.484, 0.505
18.654, -0.118, -0.486, 0.504
18.671, -0.118, -0.490, 0.503
18.688, -0.118, -0.494, 0.502
18.704, -0.117, -0.499, 0.500
18.721, -0.117, -0.502, 0.499
18.738, -0.117, -0.506, 0.498
18.754, -0.117, -0.508, 0.498
18.771, -0.117, -0.511, 0.497
18.787, -0.118, -0.517, 0.495
18.804, -0.118, -0.521, 0.494
18.821, -0.118, -0.525, 0.493
18.838, -0.118, -0.529, 0.493
18.854, -0.118, -0.531, 0.492
18.871, -0.118, -0.535, 0.491
18.888, -0.119, -0.541, 0.490
18.904, -0.119, -0.543, 0.490
18.921, -0.119, -0.548, 0.488
18.938, -0.120, -0.552, 0.488
18.954, -0.120, -0.554, 0.487
18.971, -0.120, -0.557, 0.486
18.988, -0.121, -0.562, 0.485
19.004, -0.121, -0.563, 0.485
19.021, -0.121, -0.567, 0.484
19.038, -0.121, -0.571, 0.483
19.054, -0.122, -0.573, 0.482
19.071, -0.122, -0.575, 0.481
19.088, -0.122, -0.578, 0.480
19.104, -0.122, -0.579, 0.480
19.121, -0.123, -0.583, 0.479
19.138, -0.123, -0.584, 0.478
19.154, -0.123, -0.586, 0.478
19.171, -0.124, -0.587, 0.477
19.188, -0.124, -0.589, 0.477
19.204, -0.124, -0.590, 0.476
19.221, -0.125, -0.592, 0.475
19.238, -0.125, -0.593, 0.474
19.254, -0.125, -0.593, 0.474
19.271, -0.126, -0.594, 0.473
19.288, -0.126, -0.595, 0.472
19.304, -0.127, -0.595, 0.471
19.321, -0.127, -0.595, 0.471
19.338, -0.128, -0.595, 0.471
19.354, -0.128, -0.595, 0.471
19.371, -0.129, -0.594, 0.471
19.388, -0.130, -0.594, 0.470
19.404, -0.130, -0.593, 0.470
19.421, -0.131, -0.592, 0.470
19.438, -0.131, -0.592, 0.470
19.454, -0.131, -0.591, 0.469
19.471, -0.132, -0.589, 0.469
19.488, -0.132, -0.588, 0.468
19.504, -0.132, -0.586, 0.468
19.521, -0.133, -0.585, 0.468
19.538, -0.133, -0.584, 0.468
19.554, -0.133, -0.583, 0.469
19.571, -0.134, -0.580, 0.469
19.588, -0.134, -0.579, 0.470
19.604, -0.134, -0.577, 0.471
19.621, -0.134, -0.575, 0.471
19.638, -0.135, -0.574, 0.472
19.655, -0.135, -0.573, 0.473
19.671, -0.135, -0.571, 0.474
19.688, -0.135, -0.568, 0.475
19.704, -0.135, -0.566, 0.476
19.721, -0.135, -0.564, 0.477
19.738, -0.135, -0.562, 0.478
19.755, -0.135, -0.561, 0.479
19.771, -0.135, -0.559, 0.480
19.788, -0.135, -0.556, 0.481
19.804, -0.135, -0.555, 0.482
19.821, -0.135, -0.553, 0.483
19.838, -0.134, -0.551, 0.484
19.854, -0.134, -0.549, 0.484
19.871, -0.134, -0.548, 0.485
19.887, -0.133, -0.546, 0.486
19.905, -0.133, -0.545, 0.486
19.921, -0.133, -0.543, 0.487
19.938, -0.132, -0.541, 0.487
19.954, -0.132, -0.539, 0.488
19.971, -0.132, -0.538, 0.488
19.988, -0.131, -0.536, 0.489
20.004, -0.130, -0.534, 0.489
20.021, -0.130, -0.533, 0.489
20.038, -0.129, -0.531, 0.489
20.054, -0.128, -0.529, 0.490
20.071, -0.128, -0.529, 0.489
20.088, -0.127, -0.527, 0.489
20.104, -0.125, -0.526, 0.489
20.121, -0.125, -0.524, 0.489
20.138, -0.124, -0.523, 0.489
20.154, -0.123, -0.522, 0.489
20.173, -0.122, -0.521, 0.489
20.188, -0.121, -0.520, 0.489
20.204, -0.119, -0.519, 0.489
20.221, -0.118, -0.517, 0.489
20.238, -0.118, -0.516, 0.488
20.254, -0.117, -0.516, 0.488
20.271, -0.116, -0.515, 0.488
20.288, -0.115, -0.513, 0.487
20.304, -0.114, -0.513, 0.486
20.321, -0.113, -0.511, 0.485
20.338, -0.112, -0.511, 0.484
20.354, -0.111, -0.511, 0.483
20.371, -0.111, -0.509, 0.483
20.388, -0.110, -0.508, 0.481
20.404, -0.109, -0.508, 0.480
20.421, -0.108, -0.506, 0.478
20.438, -0.108, -0.505, 0.477
20.454, -0.107, -0.504, 0.475
20.471, -0.107, -0.504, 0.475
20.488, -0.107, -0.502, 0.471
20.504, -0.107, -0.501, 0.469
20.521, -0.107, -0.500, 0.467
20.538, -0.108, -0.499, 0.465
20.554, -0.108, -0.499, 0.463
20.571, -0.108, -0.497, 0.461
20.588, -0.109, -0.496, 0.457
20.604, -0.110, -0.495, 0.456
20.621, -0.110, -0.494, 0.452
20.638, -0.111, -0.493, 0.450
20.654, -0.112, -0.492, 0.447
20.671, -0.112, -0.491, 0.447
20.688, -0.113, -0.490, 0.442
20.704, -0.113, -0.491, 0.440
20.721, -0.113, -0.490, 0.435
20.738, -0.113, -0.489, 0.432
20.755, -0.113, -0.489, 0.429
20.771, -0.113, -0.489, 0.427
20.788, -0.113, -0.488, 0.422
20.804, -0.113, -0.488, 0.418
20.821, -0.113, -0.488, 0.415
20.838, -0.112, -0.488, 0.410
20.854, -0.112, -0.487, 0.409
20.871, -0.112, -0.487, 0.405
20.888, -0.112, -0.486, 0.399
20.909, -0.112, -0.486, 0.394
20.921, -0.112, -0.486, 0.390
20.938, -0.112, -0.486, 0.386
20.954, -0.112, -0.486, 0.383
20.971, -0.113, -0.485, 0.377
20.988, -0.113, -0.485, 0.373
21.004, -0.113, -0.485, 0.369
21.021, -0.114, -0.484, 0.365
21.038, -0.114, -0.484, 0.361
21.054, -0.115, -0.484, 0.357
21.071, -0.115, -0.484, 0.354
21.088, -0.117, -0.483, 0.349
21.104, -0.117, -0.483, 0.347
21.121, -0.119, -0.482, 0.342
21.138, -0.120, -0.482, 0.338
21.155, -0.121, -0.482, 0.336
21.171, -0.122, -0.481, 0.333
21.188, -0.124, -0.480, 0.328
21.205, -0.124, -0.480, 0.327
21.221, -0.126, -0.479, 0.322
21.238, -0.127, -0.479, 0.319
21.254, -0.128, -0.478, 0.316
21.271, -0.129, -0.478, 0.315
21.288, -0.130, -0.477, 0.310
21.304, -0.131, -0.477, 0.308
21.321, -0.132, -0.476, 0.305
21.338, -0.132, -0.475, 0.303
21.355, -0.132, -0.475, 0.301
21.371, -0.133, -0.475, 0.299
21.388, -0.134, -0.474, 0.296
21.404, -0.134, -0.474, 0.294
21.421, -0.134, -0.474, 0.291
21.438, -0.134, -0.473, 0.290
21.454, -0.134, -0.473, 0.289
21.471, -0.134, -0.472, 0.286
21.488, -0.134, -0.472, 0.284
21.504, -0.133, -0.472, 0.282
21.522, -0.133, -0.471, 0.280
21.538, -0.132, -0.471, 0.279
21.555, -0.132, -0.470, 0.278
21.571, -0.131, -0.470, 0.277
21.588, -0.129, -0.470, 0.274
21.604, -0.129, -0.470, 0.273
21.621, -0.127, -0.471, 0.271
21.638, -0.127, -0.470, 0.270
21.654, -0.125, -0.471, 0.269
21.671, -0.124, -0.471, 0.268
21.688, -0.122, -0.471, 0.267
21.704, -0.120, -0.471, 0.266
21.721, -0.119, -0.471, 0.265
21.738, -0.117, -0.472, 0.264
21.754, -0.116, -0.472, 0.264
21.771, -0.115, -0.473, 0.263
21.788, -0.113, -0.474, 0.262
21.804, -0.111, -0.474, 0.262
21.821, -0.109, -0.475, 0.262
21.838, -0.108, -0.476, 0.261
21.854, -0.107, -0.477, 0.261
21.871, -0.106, -0.478, 0.261
21.888, -0.103, -0.479, 0.261
21.904, -0.102, -0.480, 0.260
21.921, -0.101, -0.481, 0.260
21.938, -0.099, -0.482, 0.260
21.954, -0.098, -0.484, 0.260
21.971, -0.098, -0.484, 0.260
21.988, -0.096, -0.486, 0.259
22.004, -0.095, -0.486, 0.260
22.021, -0.094, -0.489, 0.258
22.039, -0.093, -0.490, 0.258
22.055, -0.092, -0.491, 0.257
22.071, -0.092, -0.492, 0.257
22.088, -0.091, -0.494, 0.256
22.104, -0.091, -0.495, 0.256
22.121, -0.090, -0.497, 0.255
22.138, -0.090, -0.498, 0.254
22.155, -0.090, -0.499, 0.254
22.171, -0.089, -0.500, 0.254
22.188, -0.089, -0.502, 0.253
22.205, -0.088, -0.504, 0.252
22.221, -0.088, -0.505, 0.252
22.238, -0.088, -0.507, 0.251
22.258, -0.088, -0.508, 0.250
22.271, -0.088, -0.509, 0.250
22.288, -0.088, -0.512, 0.249
22.305, -0.088, -0.513, 0.248
22.321, -0.087, -0.514, 0.248
22.338, -0.087, -0.516, 0.246
22.354, -0.087, -0.517, 0.246
22.371, -0.087, -0.518, 0.245
22.388, -0.087, -0.520, 0.244
22.404, -0.087, -0.522, 0.244
22.421, -0.087, -0.523, 0.243
22.438, -0.087, -0.524, 0.242
22.454, -0.087, -0.525, 0.242
22.471, -0.086, -0.527, 0.241
22.488, -0.086, -0.528, 0.240
22.504, -0.086, -0.529, 0.241
22.521, -0.086, -0.531, 0.240
22.538, -0.086, -0.532, 0.240
22.554, -0.086, -0.533, 0.239
22.574, -0.086, -0.534, 0.239
22.588, -0.086, -0.535, 0.239
22.604, -0.085, -0.536, 0.239
22.621, -0.085, -0.537, 0.239
22.638, -0.085, -0.538, 0.239
22.655, -0.085, -0.539, 0.238
22.671, -0.085, -0.539, 0.238
22.688, -0.085, -0.540, 0.239
22.704, -0.085, -0.541, 0.238
22.721, -0.085, -0.542, 0.238
22.738, -0.085, -0.542, 0.238
22.754, -0.085, -0.542, 0.239
22.771, -0.085, -0.543, 0.239
22.788, -0.085, -0.544, 0.238
22.804, -0.085, -0.544, 0.238
22.821, -0.085, -0.545, 0.238
22.838, -0.085, -0.546, 0.238
22.854, -0.085, -0.546, 0.237
22.871, -0.085, -0.546, 0.237
22.888, -0.085, -0.547, 0.236
22.904, -0.085, -0.547, 0.236
22.921, -0.085, -0.547, 0.236
22.938, -0.085, -0.548, 0.234
22.954, -0.085, -0.548, 0.234
22.971, -0.085, -0.549, 0.234
22.988, -0.085, -0.549, 0.232
23.004, -0.085, -0.549, 0.232
23.021, -0.085, -0.550, 0.231
23.038, -0.085, -0.550, 0.231
23.054, -0.085, -0.550, 0.230
23.071, -0.085, -0.551, 0.229
23.088, -0.085, -0.551, 0.228
23.104, -0.085, -0.551, 0.229
23.121, -0.085, -0.552, 0.227
23.138, -0.085, -0.552, 0.227
23.154, -0.085, -0.552, 0.226
23.171, -0.085, -0.552, 0.226
23.188, -0.085, -0.553, 0.225
23.204, -0.085, -0.553, 0.225
23.221, -0.085, -0.554, 0.224
