0.063, 0.000, 0.000, 0.000
0.079, 0.000, 0.000, 0.000
0.096, 0.000, 0.000, 0.000
0.113, 0.000, 0.000, 0.000
0.129, 0.000, 0.000, 0.000
0.146, 0.000, 0.000, 0.000
0.163, 0.000, 0.000, 0.000
0.179, 0.000, 0.000, 0.000
0.197, 0.000, 0.000, 0.000
0.213, 0.000, 0.000, 0.000
0.229, 0.000, 0.000, 0.000
0.248, 0.000, 0.000, 0.000
0.263, 0.000, 0.000, 0.000
0.279, 0.000, 0.000, 0.000
0.296, 0.000, 0.000, 0.000
0.317, 0.000, 0.000, 0.000
0.330, 0.000, 0.000, 0.000
0.346, 0.000, 0.000, 0.000
0.364, -0.325, 0.783, 0.032
0.380, -0.325, 0.783, 0.032
0.397, -0.325, 0.783, 0.032
0.414, -0.325, 0.783, 0.032
0.430, -0.325, 0.783, 0.032
0.447, -0.325, 0.783, 0.032
0.464, -0.325, 0.783, 0.032
0.480, -0.325, 0.783, 0.032
0.497, -0.325, 0.783, 0.032
0.513, -0.325, 0.783, 0.032
0.530, -0.325, 0.783, 0.032
0.546, -0.325, 0.783, 0.032
0.563, -0.325, 0.783, 0.032
0.580, -0.325, 0.783, 0.032
0.597, -0.325, 0.783, 0.032
0.614, -0.325, 0.783, 0.032
0.630, -0.325, 0.783, 0.032
0.647, -0.325, 0.783, 0.032
0.663, -0.325, 0.783, 0.032
0.679, -0.325, 0.783, 0.032
0.697, -0.325, 0.783, 0.032
0.713, -0.325, 0.783, 0.032
0.729, -0.325, 0.783, 0.032
0.746, -0.325, 0.783, 0.032
0.763, -0.325, 0.783, 0.032
0.780, -0.325, 0.783, 0.032
0.796, -0.325, 0.783, 0.032
0.813, -0.325, 0.783, 0.032
0.830, -0.325, 0.783, 0.032
0.846, -0.325, 0.783, 0.032
0.863, -0.325, 0.783, 0.032
0.880, -0.325, 0.783, 0.032
0.897, -0.325, 0.783, 0.032
0.913, -0.325, 0.783, 0.032
0.930, -0.325, 0.783, 0.032
0.947, -0.325, 0.783, 0.032
0.963, -0.325, 0.783, 0.032
0.979, -0.325, 0.783, 0.032
0.996, -0.325, 0.783, 0.032
1.013, -0.325, 0.783, 0.032
1.030, -0.325, 0.783, 0.032
1.047, -0.325, 0.783, 0.032
1.063, -0.325, 0.783, 0.032
1.079, -0.325, 0.783, 0.032
1.096, -0.325, 0.783, 0.032
1.113, -0.325, 0.783, 0.032
1.130, -0.325, 0.783, 0.032
1.146, -0.325, 0.783, 0.032
1.163, -0.325, 0.783, 0.032
1.180, -0.325, 0.783, 0.032
1.197, -0.325, 0.783, 0.032
1.213, -0.325, 0.783, 0.032
1.230, -0.325, 0.783, 0.032
1.246, -0.325, 0.783, 0.032
1.263, -0.325, 0.783, 0.032
1.280, -0.325, 0.783, 0.032
1.296, -0.325, 0.783, 0.032
1.313, -0.325, 0.783, 0.032
1.330, -0.325, 0.783, 0.032
1.347, -0.325, 0.783, 0.032
1.363, -0.325, 0.783, 0.032
1.379, -0.325, 0.783, 0.032
1.396, -0.325, 0.783, 0.032
1.413, -0.325, 0.783, 0.032
1.430, -0.325, 0.783, 0.032
1.446, -0.325, 0.783, 0.032
1.463, -0.325, 0.783, 0.032
1.480, -0.325, 0.783, 0.032
1.496, -0.325, 0.783, 0.032
1.513, -0.325, 0.783, 0.032
1.530, -0.325, 0.783, 0.032
1.546, -0.325, 0.783, 0.032
1.563, -0.325, 0.783, 0.032
1.580, -0.325, 0.783, 0.032
1.596, -0.325, 0.783, 0.032
1.613, -0.325, 0.783, 0.032
1.630, -0.325, 0.783, 0.032
1.646, -0.325, 0.783, 0.032
1.663, -0.325, 0.783, 0.032
1.680, -0.325, 0.783, 0.032
1.696, -0.325, 0.783, 0.032
1.713, -0.325, 0.783, 0.032
1.730, -0.325, 0.783, 0.032
1.746, -0.325, 0.783, 0.032
1.763, -0.325, 0.783, 0.032
1.780, -0.325, 0.783, 0.032
1.796, -0.325, 0.783, 0.032
1.813, -0.325, 0.783, 0.032
1.830, -0.325, 0.783, 0.032
1.846, -0.325, 0.783, 0.032
1.863, -0.325, 0.783, 0.032
1.885, -0.325, 0.783, 0.032
1.896, -0.325, 0.783, 0.032
1.918, -0.325, 0.783, 0.032
1.930, -0.325, 0.783, 0.032
1.949, -0.325, 0.783, 0.032
1.963, -0.325, 0.783, 0.032
1.986, -0.325, 0.783, 0.032
1.997, -0.325, 0.783, 0.032
2.018, -0.325, 0.783, 0.032
2.030, -0.325, 0.783, 0.032
2.049, -0.325, 0.783, 0.032
2.063, -0.325, 0.783, 0.032
2.080, -0.325, 0.783, 0.032
2.096, -0.325, 0.783, 0.032
2.113, -0.325, 0.783, 0.032
2.130, -0.325, 0.783, 0.032
2.147, -0.325, 0.783, 0.032
2.163, -0.325, 0.783, 0.032
2.180, -0.325, 0.783, 0.032
2.197, -0.325, 0.783, 0.032
2.213, -0.325, 0.783, 0.032
2.230, -0.325, 0.783, 0.032
2.250, -0.325, 0.783, 0.032
2.263, -0.325, 0.783, 0.032
2.285, -0.325, 0.783, 0.032
2.296, -0.325, 0.783, 0.032
2.315, -0.325, 0.783, 0.032
2.330, -0.325, 0.783, 0.032
2.351, -0.325, 0.783, 0.032
2.363, -0.325, 0.783, 0.032
2.385, -0.325, 0.783, 0.032
2.396, -0.325, 0.783, 0.032
2.418, -0.325, 0.783, 0.032
2.430, -0.325, 0.783, 0.032
2.450, -0.325, 0.783, 0.032
2.463, -0.325, 0.783, 0.032
2.482, -0.325, 0.783, 0.032
2.496, -0.325, 0.783, 0.032
2.518, -0.325, 0.783, 0.032
2.529, -0.325, 0.783, 0.032
2.550, -0.325, 0.783, 0.032
2.563, -0.325, 0.783, 0.032
2.582, -0.325, 0.783, 0.032
2.597, -0.325, 0.783, 0.032
2.617, -0.325, 0.783, 0.032
2.629, -0.325, 0.783, 0.032
2.649, -0.325, 0.783, 0.032
2.663, -0.325, 0.783, 0.032
2.679, -0.325, 0.783, 0.032
2.696, -0.325, 0.783, 0.032
2.717, -0.325, 0.783, 0.032
2.730, -0.325, 0.783, 0.032
2.748, -0.325, 0.783, 0.032
2.763, -0.325, 0.783, 0.032
2.780, -0.325, 0.783, 0.032
2.796, -0.325, 0.783, 0.032
2.814, -0.325, 0.783, 0.032
2.829, -0.325, 0.783, 0.032
2.847, -0.325, 0.783, 0.032
2.863, -0.325, 0.783, 0.032
2.884, -0.325, 0.783, 0.032
2.897, -0.325, 0.783, 0.032
2.913, -0.325, 0.783, 0.032
2.930, -0.325, 0.783, 0.032
2.947, -0.325, 0.783, 0.032
2.963, -0.325, 0.783, 0.032
2.980, -0.325, 0.783, 0.032
2.997, -0.325, 0.783, 0.032
3.013, -0.325, 0.783, 0.032
3.030, -0.325, 0.783, 0.032
3.046, -0.325, 0.783, 0.032
3.063, -0.325, 0.783, 0.032
3.083, -0.325, 0.783, 0.032
3.096, -0.325, 0.783, 0.032
3.113, -0.325, 0.783, 0.032
3.130, -0.325, 0.783, 0.032
3.147, -0.325, 0.783, 0.032
3.163, -0.325, 0.783, 0.032
3.184, -0.325, 0.783, 0.032
3.196, -0.325, 0.783, 0.032
3.213, -0.325, 0.783, 0.032
3.230, -0.325, 0.783, 0.032
3.247, -0.325, 0.783, 0.032
3.263, -0.325, 0.783, 0.032
3.280, -0.325, 0.783, 0.032
3.296, -0.325, 0.783, 0.032
3.313, -0.325, 0.783, 0.032
3.330, -0.325, 0.783, 0.032
3.347, -0.325, 0.783, 0.032
3.363, -0.325, 0.783, 0.032
3.380, -0.325, 0.783, 0.032
3.396, -0.325, 0.783, 0.032
3.413, -0.325, 0.783, 0.032
3.430, -0.325, 0.783, 0.032
3.447, -0.325, 0.783, 0.032
3.463, -0.325, 0.783, 0.032
3.480, -0.325, 0.783, 0.032
3.497, -0.325, 0.783, 0.032
3.513, -0.325, 0.783, 0.032
3.530, -0.325, 0.783, 0.032
3.547, -0.325, 0.783, 0.032
3.563, -0.325, 0.783, 0.032
3.580, -0.325, 0.783, 0.032
3.596, -0.325, 0.783, 0.032
3.613, -0.325, 0.783, 0.032
3.630, -0.325, 0.783, 0.032
3.646, -0.325, 0.783, 0.032
3.663, -0.325, 0.783, 0.032
3.679, -0.325, 0.783, 0.032
3.697, -0.325, 0.783, 0.032
3.713, -0.325, 0.783, 0.032
3.730, -0.325, 0.783, 0.032
3.746, -0.325, 0.783, 0.032
3.763, -0.325, 0.783, 0.032
3.780, -0.325, 0.783, 0.032
3.797, -0.325, 0.783, 0.032
3.813, -0.325, 0.783, 0.032
3.830, -0.325, 0.783, 0.032
3.846, -0.325, 0.783, 0.032
3.863, -0.325, 0.783, 0.032
3.880, -0.325, 0.783, 0.032
3.897, -0.325, 0.783, 0.032
3.913, -0.325, 0.783, 0.032
3.930, -0.325, 0.783, 0.032
3.946, -0.325, 0.783, 0.032
3.963, -0.325, 0.783, 0.032
3.980, -0.325, 0.783, 0.032
3.997, -0.325, 0.783, 0.032
4.013, -0.325, 0.783, 0.032
4.030, -0.325, 0.783, 0.032
4.046, -0.325, 0.783, 0.032
4.063, -0.325, 0.783, 0.032
4.080, -0.325, 0.783, 0.032
4.097, -0.325, 0.783, 0.032
4.113, -0.325, 0.783, 0.032
4.130, -0.325, 0.783, 0.032
4.146, -0.325, 0.783, 0.032
4.163, -0.325, 0.783, 0.032
4.180, -0.325, 0.783, 0.032
4.197, -0.325, 0.783, 0.032
4.213, -0.325, 0.783, 0.032
4.230, -0.325, 0.783, 0.032
4.247, -0.325, 0.783, 0.032
4.263, -0.325, 0.783, 0.032
4.280, -0.325, 0.783, 0.032
4.297, -0.325, 0.783, 0.032
4.313, -0.325, 0.783, 0.032
4.330, -0.325, 0.783, 0.032
4.346, -0.325, 0.783, 0.032
4.363, -0.325, 0.783, 0.032
4.380, -0.325, 0.783, 0.032
4.397, -0.325, 0.783, 0.032
4.413, -0.325, 0.783, 0.032
4.430, -0.325, 0.783, 0.032
4.446, -0.325, 0.783, 0.032
4.463, -0.325, 0.783, 0.032
4.480, -0.325, 0.783, 0.032
4.497, -0.325, 0.783, 0.032
4.513, -0.325, 0.783, 0.032
4.530, -0.325, 0.783, 0.032
4.547, -0.325, 0.783, 0.032
4.563, -0.325, 0.783, 0.032
4.581, -0.325, 0.783, 0.032
4.596, -0.325, 0.783, 0.032
4.613, -0.325, 0.783, 0.032
4.630, -0.325, 0.783, 0.032
4.646, -0.325, 0.783, 0.032
4.663, -0.325, 0.783, 0.032
4.680, -0.325, 0.783, 0.032
4.696, -0.325, 0.783, 0.032
4.713, -0.325, 0.783, 0.032
4.730, -0.325, 0.783, 0.032
4.747, -0.325, 0.783, 0.032
4.763, -0.325, 0.783, 0.032
4.780, -0.325, 0.783, 0.032
4.796, -0.325, 0.783, 0.032
4.813, -0.325, 0.783, 0.032
4.830, -0.325, 0.783, 0.032
4.847, -0.325, 0.783, 0.032
4.863, -0.325, 0.783, 0.032
4.880, -0.325, 0.783, 0.032
4.896, -0.325, 0.783, 0.032
4.913, -0.325, 0.783, 0.032
4.930, -0.325, 0.783, 0.032
4.946, -0.325, 0.783, 0.032
4.963, -0.325, 0.783, 0.032
4.980, -0.325, 0.783, 0.032
4.996, -0.325, 0.783, 0.032
5.013, -0.325, 0.783, 0.032
5.030, -0.325, 0.783, 0.032
5.046, -0.325, 0.783, 0.032
5.063, -0.325, 0.783, 0.032
5.080, -0.325, 0.783, 0.032
5.096, -0.325, 0.783, 0.032
5.114, -0.325, 0.783, 0.032
5.130, -0.325, 0.783, 0.032
5.146, -0.325, 0.783, 0.032
5.163, -0.325, 0.783, 0.032
5.180, -0.325, 0.783, 0.032
5.196, -0.325, 0.783, 0.032
5.213, -0.325, 0.783, 0.032
5.230, -0.325, 0.783, 0.032
5.247, -0.325, 0.783, 0.032
5.263, -0.325, 0.783, 0.032
5.279, -0.325, 0.783, 0.032
5.298, -0.325, 0.783, 0.032
5.313, -0.325, 0.783, 0.032
5.329, -0.325, 0.783, 0.032
5.346, -0.325, 0.783, 0.032
5.363, -0.325, 0.783, 0.032
5.379, -0.325, 0.783, 0.032
5.396, -0.325, 0.783, 0.032
5.413, -0.325, 0.783, 0.032
5.429, -0.325, 0.783, 0.032
5.446, -0.325, 0.783, 0.032
5.463, -0.325, 0.783, 0.032
5.479, -0.325, 0.783, 0.032
5.496, -0.325, 0.783, 0.032
5.513, -0.325, 0.783, 0.032
5.529, -0.325, 0.783, 0.032
5.546, -0.325, 0.783, 0.032
5.563, -0.325, 0.783, 0.032
5.579, -0.325, 0.783, 0.032
5.596, -0.325, 0.783, 0.032
5.613, -0.325, 0.783, 0.032
5.629, -0.325, 0.783, 0.032
5.646, -0.325, 0.783, 0.032
5.663, -0.325, 0.783, 0.032
5.679, -0.325, 0.783, 0.032
5.696, -0.325, 0.783, 0.032
5.713, -0.325, 0.783, 0.032
5.729, -0.325, 0.783, 0.032
5.746, -0.325, 0.783, 0.032
5.763, -0.325, 0.783, 0.032
5.780, -0.325, 0.783, 0.032
5.796, -0.325, 0.783, 0.032
5.813, -0.325, 0.783, 0.032
5.829, -0.325, 0.783, 0.032
5.846, -0.325, 0.783, 0.032
5.863, -0.325, 0.783, 0.032
5.879, -0.325, 0.783, 0.032
5.896, -0.325, 0.783, 0.032
5.913, -0.325, 0.783, 0.032
5.929, -0.325, 0.783, 0.032
5.946, -0.325, 0.783, 0.032
5.963, -0.325, 0.783, 0.032
5.979, -0.325, 0.783, 0.032
5.996, -0.325, 0.783, 0.032
6.013, -0.325, 0.783, 0.032
6.030, -0.325, 0.783, 0.032
6.046, -0.325, 0.783, 0.032
6.063, -0.325, 0.783, 0.032
6.080, -0.325, 0.783, 0.032
6.096, -0.325, 0.783, 0.032
6.113, -0.325, 0.783, 0.032
6.130, -0.325, 0.783, 0.032
6.146, -0.325, 0.783, 0.032
6.163, -0.325, 0.783, 0.032
6.179, -0.325, 0.783, 0.032
6.196, -0.325, 0.783, 0.032
6.213, -0.325, 0.783, 0.032
6.229, -0.325, 0.783, 0.032
6.246, -0.325, 0.783, 0.032
6.263, -0.325, 0.783, 0.032
6.280, -0.325, 0.783, 0.032
6.296, -0.325, 0.783, 0.032
6.313, -0.325, 0.783, 0.032
6.329, -0.325, 0.783, 0.032
6.346, -0.325, 0.783, 0.032
6.363, -0.325, 0.783, 0.032
6.379, -0.325, 0.783, 0.032
6.397, -0.325, 0.783, 0.032
6.413, -0.325, 0.783, 0.032
6.429, -0.325, 0.783, 0.032
6.446, -0.325, 0.783, 0.032
6.463, -0.325, 0.783, 0.032
6.479, -0.325, 0.783, 0.032
6.497, -0.325, 0.783, 0.032
6.513, -0.325, 0.783, 0.032
6.530, -0.325, 0.783, 0.032
6.546, -0.325, 0.783, 0.032
6.563, -0.325, 0.783, 0.032
6.580, -0.325, 0.783, 0.032
6.596, -0.325, 0.783, 0.032
6.613, -0.325, 0.783, 0.032
6.630, -0.325, 0.783, 0.032
6.646, -0.325, 0.783, 0.032
6.663, -0.325, 0.783, 0.032
6.680, -0.325, 0.783, 0.032
6.696, -0.325, 0.783, 0.032
6.713, -0.325, 0.783, 0.032
6.730, -0.325, 0.783, 0.032
6.746, -0.325, 0.783, 0.032
6.764, -0.325, 0.783, 0.032
6.780, -0.325, 0.783, 0.032
6.796, -0.325, 0.783, 0.032
6.813, -0.325, 0.783, 0.032
6.829, -0.325, 0.783, 0.031
6.846, -0.325, 0.783, 0.032
6.863, -0.325, 0.783, 0.032
6.879, -0.325, 0.783, 0.032
6.896, -0.325, 0.783, 0.032
6.913, -0.325, 0.783, 0.032
6.929, -0.325, 0.783, 0.031
6.946, -0.325, 0.783, 0.031
6.963, -0.325, 0.783, 0.031
6.979, -0.325, 0.783, 0.032
6.996, -0.325, 0.783, 0.031
7.013, -0.325, 0.783, 0.031
7.029, -0.325, 0.783, 0.032
7.046, -0.325, 0.783, 0.032
7.063, -0.325, 0.783, 0.032
7.079, -0.325, 0.783, 0.032
7.096, -0.325, 0.783, 0.032
7.113, -0.325, 0.783, 0.031
7.129, -0.325, 0.783, 0.032
7.146, -0.325, 0.783, 0.032
7.163, -0.325, 0.783, 0.032
7.179, -0.325, 0.783, 0.032
7.196, -0.325, 0.783, 0.032
7.213, -0.325, 0.783, 0.032
7.230, -0.325, 0.783, 0.032
7.246, -0.325, 0.783, 0.032
7.263, -0.325, 0.783, 0.032
7.280, -0.325, 0.783, 0.031
7.296, -0.325, 0.783, 0.032
7.313, -0.325, 0.783, 0.031
7.329, -0.325, 0.783, 0.032
7.346, -0.325, 0.783, 0.032
7.363, -0.325, 0.783, 0.031
7.379, -0.325, 0.783, 0.032
7.396, -0.325, 0.783, 0.032
7.413, -0.325, 0.783, 0.032
7.429, -0.325, 0.783, 0.032
7.446, -0.325, 0.783, 0.032
7.463, -0.325, 0.783, 0.032
7.479, -0.325, 0.783, 0.032
7.496, -0.325, 0.783, 0.032
7.513, -0.325, 0.783, 0.031
7.530, -0.325, 0.783, 0.032
7.547, -0.325, 0.783, 0.032
7.563, -0.325, 0.782, 0.031
7.579, -0.325, 0.783, 0.032
7.596, -0.325, 0.782, 0.031
7.613, -0.325, 0.783, 0.031
7.629, -0.325, 0.783, 0.032
7.646, -0.325, 0.783, 0.031
7.663, -0.325, 0.783, 0.032
7.679, -0.325, 0.782, 0.031
7.696, -0.325, 0.783, 0.031
7.713, -0.325, 0.782, 0.031
7.729, -0.325, 0.783, 0.032
7.746, -0.325, 0.782, 0.031
7.763, -0.324, 0.783, 0.032
7.779, -0.324, 0.783, 0.032
7.796, -0.324, 0.783, 0.032
7.813, -0.324, 0.783, 0.032
7.829, -0.324, 0.783, 0.032
7.846, -0.324, 0.783, 0.032
7.863, -0.324, 0.783, 0.032
7.879, -0.324, 0.783, 0.032
7.896, -0.324, 0.784, 0.032
7.913, -0.323, 0.784, 0.033
7.929, -0.323, 0.785, 0.034
7.946, -0.323, 0.785, 0.033
7.963, -0.323, 0.785, 0.033
7.979, -0.323, 0.785, 0.033
7.996, -0.323, 0.785, 0.033
8.013, -0.322, 0.787, 0.034
8.029, -0.322, 0.788, 0.035
8.046, -0.322, 0.788, 0.035
8.063, -0.322, 0.790, 0.035
8.079, -0.322, 0.791, 0.035
8.096, -0.321, 0.792, 0.034
8.113, -0.321, 0.793, 0.035
8.129, -0.321, 0.793, 0.035
8.146, -0.321, 0.793, 0.035
8.163, -0.321, 0.799, 0.035
8.180, -0.321, 0.799, 0.035
8.196, -0.321, 0.799, 0.035
8.213, -0.321, 0.805, 0.036
8.230, -0.322, 0.806, 0.037
8.246, -0.322, 0.806, 0.037
8.263, -0.322, 0.812, 0.038
8.279, -0.322, 0.813, 0.037
8.296, -0.323, 0.816, 0.038
8.313, -0.323, 0.820, 0.039
8.329, -0.323, 0.820, 0.039
8.346, -0.323, 0.820, 0.039
8.363, -0.325, 0.832, 0.041
8.379, -0.325, 0.834, 0.042
8.396, -0.325, 0.834, 0.042
8.413, -0.327, 0.845, 0.045
8.429, -0.328, 0.848, 0.047
8.446, -0.328, 0.852, 0.048
8.463, -0.328, 0.854, 0.048
8.479, -0.328, 0.854, 0.048
8.496, -0.328, 0.854, 0.048
8.513, -0.328, 0.854, 0.048
8.529, -0.328, 0.854, 0.048
8.546, -0.334, 0.884, 0.060
8.563, -0.335, 0.890, 0.063
8.579, -0.335, 0.890, 0.063
8.596, -0.335, 0.890, 0.063
8.613, -0.339, 0.912, 0.073
8.629, -0.339, 0.915, 0.074
8.646, -0.340, 0.921, 0.078
8.663, -0.340, 0.921, 0.078
8.680, -0.340, 0.921, 0.078
8.696, -0.343, 0.939, 0.087
8.713, -0.346, 0.953, 0.096
8.729, -0.346, 0.956, 0.098
8.746, -0.346, 0.956, 0.098
8.763, -0.349, 0.975, 0.111
8.780, -0.350, 0.979, 0.113
8.796, -0.351, 0.987, 0.119
8.813, -0.352, 0.995, 0.125
8.830, -0.352, 0.995, 0.125
8.847, -0.353, 1.011, 0.137
8.863, -0.354, 1.018, 0.142
8.880, -0.354, 1.026, 0.149
8.897, -0.354, 1.034, 0.155
8.913, -0.354, 1.045, 0.164
8.930, -0.354, 1.049, 0.168
8.946, -0.354, 1.053, 0.171
8.963, -0.354, 1.053, 0.171
8.980, -0.354, 1.053, 0.171
8.996, -0.354, 1.053, 0.171
9.013, -0.354, 1.053, 0.171
9.030, -0.354, 1.053, 0.171
9.046, -0.341, 1.096, 0.211
9.063, -0.337, 1.105, 0.221
9.080, -0.335, 1.108, 0.224
9.096, -0.333, 1.111, 0.227
9.113, -0.333, 1.111, 0.227
9.130, -0.333, 1.111, 0.227
9.146, -0.333, 1.111, 0.227
9.163, -0.333, 1.111, 0.227
9.180, -0.333, 1.111, 0.227
9.197, -0.333, 1.111, 0.227
9.213, -0.333, 1.111, 0.227
9.230, -0.333, 1.111, 0.227
9.247, -0.333, 1.111, 0.227
9.263, -0.333, 1.111, 0.227
9.280, -0.333, 1.111, 0.227
9.297, -0.333, 1.111, 0.227
9.314, -0.239, 1.159, 0.307
9.330, -0.234, 1.160, 0.309
9.347, -0.224, 1.161, 0.314
9.364, -0.215, 1.161, 0.320
9.380, -0.205, 1.162, 0.325
9.397, -0.194, 1.162, 0.330
9.413, -0.178, 1.162, 0.338
9.430, -0.173, 1.161, 0.340
9.447, -0.162, 1.161, 0.345
9.463, -0.151, 1.159, 0.349
9.480, -0.139, 1.158, 0.353
9.497, -0.128, 1.156, 0.358
9.513, -0.112, 1.153, 0.364
9.530, -0.106, 1.152, 0.367
9.547, -0.095, 1.150, 0.371
9.563, -0.079, 1.145, 0.377
9.580, -0.073, 1.144, 0.378
9.596, -0.063, 1.141, 0.382
9.613, -0.047, 1.135, 0.388
9.630, -0.042, 1.133, 0.390
9.646, -0.032, 1.130, 0.393
9.663, -0.018, 1.123, 0.399
9.680, -0.014, 1.121, 0.401
9.696, -0.005, 1.117, 0.404
9.713, 0.004, 1.112, 0.407
9.730, 0.012, 1.107, 0.411
9.746, 0.024, 1.100, 0.416
9.763, 0.032, 1.095, 0.419
9.780, 0.035, 1.092, 0.422
9.796, 0.042, 1.087, 0.424
9.813, 0.052, 1.079, 0.430
9.830, 0.055, 1.076, 0.432
9.847, 0.060, 1.071, 0.435
9.863, 0.068, 1.063, 0.440
9.880, 0.070, 1.060, 0.441
9.896, 0.077, 1.052, 0.446
9.913, 0.080, 1.046, 0.449
9.930, 0.082, 1.044, 0.451
9.946, 0.085, 1.038, 0.455
9.963, 0.089, 1.030, 0.460
9.980, 0.090, 1.028, 0.461
9.997, 0.091, 1.023, 0.465
10.013, 0.092, 1.017, 0.468
10.030, 0.093, 1.013, 0.471
10.046, 0.093, 1.008, 0.475
10.063, 0.092, 1.001, 0.479
10.080, 0.092, 0.999, 0.481
10.097, 0.091, 0.994, 0.484
10.113, 0.088, 0.988, 0.489
10.130, 0.087, 0.986, 0.490
10.147, 0.085, 0.982, 0.494
10.163, 0.083, 0.979, 0.497
10.180, 0.079, 0.975, 0.500
10.198, 0.076, 0.972, 0.503
10.213, 0.070, 0.968, 0.507
10.230, 0.068, 0.967, 0.508
10.246, 0.064, 0.964, 0.511
10.263, 0.057, 0.961, 0.515
10.280, 0.055, 0.960, 0.517
10.297, 0.049, 0.959, 0.519
10.318, 0.042, 0.957, 0.523
10.330, 0.039, 0.956, 0.524
10.346, 0.033, 0.956, 0.527
10.363, 0.025, 0.955, 0.530
10.380, 0.022, 0.955, 0.531
10.396, 0.016, 0.955, 0.533
10.413, 0.007, 0.955, 0.537
10.430, 0.004, 0.956, 0.537
10.446, -0.002, 0.956, 0.539
10.463, -0.008, 0.958, 0.542
10.480, -0.014, 0.959, 0.543
10.496, -0.020, 0.961, 0.545
10.513, -0.026, 0.962, 0.546
10.530, -0.032, 0.964, 0.548
10.546, -0.037, 0.967, 0.550
10.563, -0.043, 0.969, 0.551
10.580, -0.049, 0.972, 0.552
10.596, -0.054, 0.974, 0.554
10.613, -0.059, 0.977, 0.555
10.630, -0.064, 0.980, 0.556
10.646, -0.071, 0.985, 0.558
10.663, -0.076, 0.989, 0.559
10.680, -0.078, 0.991, 0.559
10.696, -0.082, 0.994, 0.560
10.713, -0.086, 0.998, 0.562
10.730, -0.090, 1.002, 0.562
10.746, -0.093, 1.005, 0.563
10.763, -0.098, 1.011, 0.565
10.780, -0.099, 1.013, 0.565
10.797, -0.102, 1.017, 0.566
10.813, -0.105, 1.023, 0.567
10.830, -0.106, 1.025, 0.567
10.846, -0.108, 1.029, 0.568
10.863, -0.110, 1.035, 0.569
10.879, -0.111, 1.036, 0.569
10.896, -0.112, 1.040, 0.570
10.913, -0.112, 1.044, 0.571
10.929, -0.113, 1.048, 0.571
10.946, -0.113, 1.051, 0.572
10.963, -0.113, 1.056, 0.573
10.980, -0.113, 1.058, 0.573
10.996, -0.112, 1.061, 0.574
11.013, -0.111, 1.066, 0.575
11.030, -0.110, 1.067, 0.575
11.046, -0.109, 1.070, 0.576
11.063, -0.108, 1.073, 0.576
11.080, -0.106, 1.075, 0.577
11.096, -0.105, 1.078, 0.577
11.113, -0.103, 1.080, 0.578
11.130, -0.101, 1.082, 0.578
11.146, -0.098, 1.085, 0.579
11.163, -0.096, 1.086, 0.579
11.180, -0.094, 1.087, 0.580
11.196, -0.092, 1.088, 0.580
11.213, -0.090, 1.089, 0.581
11.230, -0.087, 1.090, 0.581
11.246, -0.084, 1.091, 0.582
11.263, -0.082, 1.091, 0.582
11.280, -0.080, 1.092, 0.582
11.296, -0.077, 1.092, 0.582
11.313, -0.073, 1.092, 0.583
11.330, -0.072, 1.092, 0.583
11.347, -0.069, 1.091, 0.583
11.363, -0.065, 1.090, 0.584
11.380, -0.065, 1.090, 0.584
11.396, -0.062, 1.089, 0.584
11.413, -0.059, 1.087, 0.584
11.430, -0.058, 1.087, 0.584
11.447, -0.055, 1.085, 0.585
11.463, -0.053, 1.083, 0.585
11.480, -0.052, 1.082, 0.585
11.496, -0.050, 1.081, 0.585
11.513, -0.049, 1.079, 0.585
11.530, -0.047, 1.077, 0.585
11.546, -0.045, 1.074, 0.586
11.563, -0.045, 1.074, 0.586
11.580, -0.044, 1.071, 0.586
11.596, -0.043, 1.070, 0.586
11.613, -0.042, 1.066, 0.586
11.630, -0.042, 1.065, 0.586
11.647, -0.041, 1.063, 0.586
11.663, -0.041, 1.060, 0.586
11.680, -0.041, 1.059, 0.586
11.697, -0.041, 1.058, 0.587
11.713, -0.041, 1.055, 0.587
11.730, -0.041, 1.054, 0.587
11.746, -0.042, 1.052, 0.587
11.763, -0.043, 1.050, 0.587
11.780, -0.043, 1.049, 0.588
11.796, -0.044, 1.047, 0.588
11.813, -0.046, 1.045, 0.588
11.830, -0.046, 1.045, 0.588
11.846, -0.048, 1.043, 0.588
11.863, -0.049, 1.042, 0.588
11.880, -0.050, 1.041, 0.588
11.896, -0.052, 1.040, 0.588
11.913, -0.054, 1.039, 0.588
11.930, -0.055, 1.038, 0.588
11.946, -0.057, 1.038, 0.588
11.964, -0.058, 1.037, 0.588
11.980, -0.060, 1.037, 0.588
11.997, -0.061, 1.036, 0.587
12.013, -0.064, 1.036, 0.587
12.030, -0.065, 1.036, 0.587
12.046, -0.067, 1.036, 0.586
12.063, -0.069, 1.035, 0.585
12.080, -0.070, 1.035, 0.585
12.096, -0.071, 1.036, 0.585
12.113, -0.074, 1.036, 0.584
12.130, -0.075, 1.036, 0.583
12.146, -0.076, 1.037, 0.583
12.163, -0.078, 1.037, 0.582
12.180, -0.079, 1.038, 0.581
12.196, -0.081, 1.038, 0.580
12.213, -0.083, 1.040, 0.580
12.230, -0.083, 1.040, 0.580
12.246, -0.085, 1.041, 0.579
12.263, -0.086, 1.043, 0.578
12.280, -0.087, 1.043, 0.578
12.296, -0.088, 1.044, 0.577
12.313, -0.089, 1.045, 0.577
12.330, -0.090, 1.047, 0.576
12.346, -0.090, 1.048, 0.576
12.363, -0.092, 1.050, 0.575
12.381, -0.092, 1.050, 0.575
12.396, -0.092, 1.052, 0.575
12.413, -0.094, 1.054, 0.574
12.430, -0.094, 1.055, 0.574
12.446, -0.094, 1.056, 0.573
12.463, -0.095, 1.058, 0.572
12.480, -0.095, 1.058, 0.572
12.496, -0.095, 1.060, 0.572
12.513, -0.095, 1.062, 0.572
12.530, -0.095, 1.062, 0.571
12.546, -0.095, 1.064, 0.571
12.563, -0.096, 1.065, 0.570
12.580, -0.095, 1.066, 0.570
12.596, -0.095, 1.067, 0.570
12.613, -0.095, 1.068, 0.569
12.630, -0.095, 1.069, 0.569
12.646, -0.094, 1.070, 0.569
12.663, -0.094, 1.070, 0.569
12.680, -0.094, 1.071, 0.569
12.696, -0.093, 1.072, 0.568
12.713, -0.093, 1.073, 0.568
12.730, -0.093, 1.073, 0.568
12.746, -0.092, 1.074, 0.568
12.763, -0.092, 1.074, 0.568
12.780, -0.091, 1.075, 0.567
12.796, -0.091, 1.075, 0.567
12.813, -0.090, 1.075, 0.567
12.830, -0.090, 1.075, 0.566
12.846, -0.089, 1.076, 0.566
12.863, -0.089, 1.076, 0.566
12.880, -0.089, 1.076, 0.566
12.896, -0.088, 1.076, 0.566
12.913, -0.088, 1.076, 0.566
12.930, -0.087, 1.077, 0.566
12.946, -0.087, 1.076, 0.565
12.963, -0.086, 1.076, 0.565
12.980, -0.086, 1.076, 0.565
12.996, -0.086, 1.076, 0.565
13.013, -0.086, 1.076, 0.565
13.030, -0.086, 1.076, 0.565
13.046, -0.086, 1.075, 0.565
13.063, -0.086, 1.075, 0.564
13.080, -0.086, 1.074, 0.564
13.096, -0.086, 1.074, 0.564
13.113, -0.086, 1.073, 0.564
13.130, -0.086, 1.073, 0.563
13.146, -0.086, 1.072, 0.563
13.163, -0.086, 1.071, 0.562
13.180, -0.086, 1.071, 0.562
13.196, -0.086, 1.070, 0.561
13.213, -0.086, 1.069, 0.561
13.230, -0.086, 1.068, 0.560
13.246, -0.086, 1.067, 0.560
13.263, -0.086, 1.066, 0.559
13.280, -0.086, 1.066, 0.558
13.296, -0.087, 1.065, 0.558
13.313, -0.087, 1.063, 0.556
13.330, -0.087, 1.063, 0.556
13.346, -0.087, 1.062, 0.555
13.363, -0.087, 1.060, 0.554
13.380, -0.087, 1.060, 0.554
13.396, -0.087, 1.059, 0.553
13.413, -0.088, 1.058, 0.552
13.430, -0.088, 1.057, 0.551
13.446, -0.088, 1.055, 0.550
13.463, -0.089, 1.054, 0.549
13.480, -0.089, 1.054, 0.548
13.496, -0.089, 1.053, 0.547
13.513, -0.090, 1.051, 0.546
13.530, -0.090, 1.051, 0.545
13.546, -0.091, 1.050, 0.544
13.563, -0.092, 1.049, 0.542
13.580, -0.092, 1.048, 0.542
13.596, -0.092, 1.047, 0.541
13.613, -0.093, 1.046, 0.540
13.629, -0.094, 1.046, 0.539
13.646, -0.094, 1.045, 0.538
13.663, -0.095, 1.045, 0.537
13.680, -0.096, 1.044, 0.537
13.696, -0.096, 1.043, 0.536
13.713, -0.097, 1.043, 0.535
13.730, -0.098, 1.043, 0.534
13.746, -0.098, 1.042, 0.534
13.763, -0.099, 1.042, 0.533
13.780, -0.100, 1.042, 0.533
13.797, -0.100, 1.042, 0.533
13.814, -0.101, 1.042, 0.532
13.830, -0.102, 1.041, 0.532
13.846, -0.102, 1.041, 0.532
13.863, -0.103, 1.042, 0.532
13.880, -0.104, 1.042, 0.532
13.896, -0.104, 1.042, 0.531
13.913, -0.105, 1.042, 0.532
13.930, -0.105, 1.043, 0.532
13.947, -0.106, 1.043, 0.532
13.963, -0.106, 1.044, 0.532
13.980, -0.106, 1.044, 0.532
13.997, -0.107, 1.045, 0.532
14.013, -0.107, 1.045, 0.532
14.030, -0.108, 1.046, 0.532
14.047, -0.108, 1.047, 0.532
14.063, -0.108, 1.047, 0.532
14.080, -0.108, 1.048, 0.532
14.097, -0.108, 1.049, 0.532
14.113, -0.108, 1.049, 0.532
14.130, -0.108, 1.050, 0.532
14.146, -0.108, 1.051, 0.532
14.163, -0.108, 1.052, 0.531
14.180, -0.108, 1.052, 0.531
14.197, -0.108, 1.053, 0.530
14.214, -0.108, 1.054, 0.530
14.230, -0.108, 1.055, 0.530
14.247, -0.107, 1.056, 0.529
14.264, -0.107, 1.057, 0.529
14.280, -0.107, 1.057, 0.529
14.297, -0.106, 1.058, 0.528
14.314, -0.106, 1.059, 0.528
14.330, -0.105, 1.060, 0.527
14.347, -0.105, 1.061, 0.527
14.365, -0.104, 1.061, 0.526
14.380, -0.104, 1.062, 0.526
14.397, -0.103, 1.063, 0.526
14.413, -0.102, 1.064, 0.525
14.430, -0.102, 1.064, 0.524
14.447, -0.100, 1.066, 0.524
14.463, -0.100, 1.066, 0.523
14.480, -0.099, 1.067, 0.523
14.496, -0.099, 1.067, 0.522
14.513, -0.098, 1.068, 0.521
14.530, -0.097, 1.069, 0.521
14.547, -0.096, 1.070, 0.520
14.563, -0.095, 1.071, 0.518
14.580, -0.095, 1.071, 0.518
14.596, -0.094, 1.072, 0.517
14.613, -0.093, 1.073, 0.515
14.630, -0.092, 1.073, 0.515
14.647, -0.092, 1.074, 0.514
14.663, -0.091, 1.075, 0.512
14.680, -0.090, 1.075, 0.512
14.696, -0.089, 1.076, 0.510
14.713, -0.088, 1.077, 0.509
14.730, -0.087, 1.077, 0.508
14.746, -0.087, 1.078, 0.507
14.763, -0.086, 1.078, 0.506
14.780, -0.085, 1.079, 0.505
14.797, -0.085, 1.080, 0.504
14.813, -0.084, 1.081, 0.503
14.830, -0.083, 1.081, 0.501
14.847, -0.083, 1.082, 0.500
14.863, -0.082, 1.083, 0.498
14.880, -0.081, 1.083, 0.498
14.896, -0.080, 1.084, 0.497
14.913, -0.080, 1.084, 0.496
14.930, -0.079, 1.084, 0.495
14.947, -0.079, 1.085, 0.494
14.963, -0.078, 1.085, 0.493
14.980, -0.077, 1.085, 0.493
14.997, -0.077, 1.086, 0.492
15.013, -0.076, 1.086, 0.491
15.030, -0.076, 1.086, 0.491
15.047, -0.076, 1.086, 0.490
15.063, -0.075, 1.086, 0.489
15.080, -0.075, 1.086, 0.489
15.096, -0.075, 1.086, 0.489
15.113, -0.074, 1.086, 0.488
15.130, -0.074, 1.086, 0.488
15.146, -0.074, 1.085, 0.487
15.163, -0.073, 1.085, 0.487
15.180, -0.073, 1.085, 0.487
15.196, -0.072, 1.084, 0.487
15.213, -0.072, 1.083, 0.486
15.230, -0.072, 1.083, 0.486
15.246, -0.071, 1.082, 0.486
15.263, -0.071, 1.081, 0.485
15.280, -0.071, 1.080, 0.485
15.296, -0.070, 1.079, 0.485
15.313, -0.070, 1.078, 0.485
15.330, -0.070, 1.077, 0.485
15.346, -0.070, 1.076, 0.485
15.363, -0.070, 1.075, 0.485
15.380, -0.070, 1.074, 0.486
15.396, -0.071, 1.072, 0.486
15.413, -0.071, 1.070, 0.486
15.430, -0.071, 1.069, 0.486
15.446, -0.072, 1.068, 0.487
15.463, -0.073, 1.066, 0.487
15.480, -0.073, 1.065, 0.487
15.496, -0.074, 1.063, 0.487
15.513, -0.076, 1.061, 0.488
15.530, -0.076, 1.061, 0.488
15.546, -0.077, 1.059, 0.488
15.563, -0.079, 1.057, 0.488
15.580, -0.080, 1.056, 0.488
15.596, -0.081, 1.055, 0.488
15.613, -0.083, 1.053, 0.488
15.630, -0.084, 1.053, 0.489
15.646, -0.086, 1.052, 0.488
15.663, -0.089, 1.050, 0.488
15.680, -0.089, 1.050, 0.489
15.697, -0.091, 1.049, 0.488
15.713, -0.094, 1.048, 0.488
15.730, -0.095, 1.048, 0.488
15.746, -0.096, 1.047, 0.488
15.763, -0.099, 1.046, 0.488
15.780, -0.100, 1.046, 0.488
15.796, -0.101, 1.046, 0.488
15.813, -0.104, 1.045, 0.488
15.830, -0.105, 1.045, 0.487
15.846, -0.106, 1.045, 0.487
15.863, -0.108, 1.045, 0.487
15.880, -0.109, 1.045, 0.487
15.897, -0.110, 1.045, 0.486
15.913, -0.112, 1.046, 0.486
15.930, -0.112, 1.046, 0.486
15.946, -0.113, 1.046, 0.486
15.963, -0.114, 1.047, 0.486
15.980, -0.115, 1.047, 0.485
15.996, -0.116, 1.048, 0.485
16.013, -0.116, 1.049, 0.485
16.030, -0.117, 1.050, 0.485
16.046, -0.118, 1.051, 0.485
16.063, -0.119, 1.053, 0.485
16.080, -0.119, 1.054, 0.486
16.096, -0.119, 1.055, 0.485
16.113, -0.120, 1.057, 0.486
16.130, -0.120, 1.058, 0.486
16.146, -0.120, 1.059, 0.486
16.163, -0.120, 1.062, 0.486
16.180, -0.120, 1.062, 0.486
16.196, -0.120, 1.064, 0.486
16.213, -0.120, 1.065, 0.486
16.229, -0.120, 1.067, 0.487
16.246, -0.120, 1.069, 0.486
16.263, -0.119, 1.071, 0.487
16.280, -0.119, 1.072, 0.487
16.296, -0.118, 1.073, 0.487
16.313, -0.118, 1.076, 0.488
16.330, -0.118, 1.076, 0.488
16.346, -0.117, 1.078, 0.488
16.363, -0.116, 1.079, 0.488
16.380, -0.116, 1.080, 0.489
16.396, -0.115, 1.081, 0.489
16.413, -0.114, 1.082, 0.489
16.430, -0.113, 1.083, 0.489
16.447, -0.113, 1.084, 0.489
16.463, -0.112, 1.084, 0.490
16.480, -0.111, 1.085, 0.490
16.496, -0.110, 1.085, 0.490
16.513, -0.109, 1.086, 0.490
16.530, -0.108, 1.086, 0.490
16.546, -0.107, 1.086, 0.490
16.563, -0.106, 1.086, 0.491
16.580, -0.105, 1.086, 0.491
16.596, -0.104, 1.086, 0.491
16.613, -0.103, 1.086, 0.491
16.631, -0.102, 1.086, 0.491
16.646, -0.101, 1.086, 0.491
16.663, -0.100, 1.085, 0.491
16.680, -0.099, 1.085, 0.492
16.697, -0.098, 1.084, 0.492
16.713, -0.098, 1.084, 0.492
16.729, -0.097, 1.083, 0.492
16.746, -0.095, 1.082, 0.492
16.763, -0.094, 1.081, 0.492
16.780, -0.094, 1.081, 0.493
16.797, -0.093, 1.080, 0.493
16.813, -0.092, 1.078, 0.493
16.830, -0.092, 1.078, 0.493
16.846, -0.091, 1.077, 0.494
16.863, -0.090, 1.075, 0.495
16.880, -0.090, 1.075, 0.495
16.897, -0.090, 1.074, 0.496
16.913, -0.089, 1.072, 0.496
16.930, -0.089, 1.071, 0.496
16.946, -0.089, 1.069, 0.497
16.963, -0.089, 1.068, 0.497
16.980, -0.088, 1.067, 0.497
16.997, -0.088, 1.066, 0.498
17.013, -0.088, 1.065, 0.498
17.030, -0.089, 1.064, 0.498
17.047, -0.089, 1.063, 0.499
17.063, -0.088, 1.061, 0.499
17.080, -0.089, 1.060, 0.499
17.096, -0.089, 1.059, 0.499
17.113, -0.089, 1.058, 0.499
17.130, -0.089, 1.057, 0.499
17.147, -0.090, 1.055, 0.499
17.163, -0.090, 1.054, 0.499
17.180, -0.090, 1.054, 0.499
17.197, -0.091, 1.053, 0.498
17.213, -0.092, 1.052, 0.497
17.230, -0.092, 1.052, 0.497
17.246, -0.093, 1.051, 0.496
17.263, -0.093, 1.050, 0.495
17.280, -0.094, 1.050, 0.495
17.297, -0.095, 1.050, 0.494
17.313, -0.096, 1.049, 0.492
17.330, -0.096, 1.049, 0.492
17.347, -0.097, 1.049, 0.491
17.363, -0.098, 1.049, 0.490
17.380, -0.098, 1.049, 0.490
17.397, -0.099, 1.049, 0.489
17.413, -0.100, 1.049, 0.487
17.430, -0.100, 1.049, 0.487
17.447, -0.101, 1.050, 0.486
17.463, -0.101, 1.050, 0.485
17.480, -0.102, 1.050, 0.484
17.496, -0.102, 1.051, 0.484
17.513, -0.103, 1.051, 0.483
17.530, -0.103, 1.051, 0.482
17.547, -0.103, 1.052, 0.481
17.563, -0.104, 1.053, 0.480
17.580, -0.104, 1.053, 0.480
17.596, -0.104, 1.053, 0.480
17.613, -0.104, 1.054, 0.479
17.630, -0.104, 1.055, 0.479
17.646, -0.104, 1.055, 0.479
17.664, -0.104, 1.056, 0.479
17.680, -0.104, 1.056, 0.479
17.696, -0.103, 1.057, 0.479
17.713, -0.103, 1.058, 0.480
17.730, -0.103, 1.058, 0.479
17.746, -0.102, 1.059, 0.480
17.763, -0.101, 1.060, 0.481
17.780, -0.101, 1.060, 0.481
17.796, -0.100, 1.061, 0.482
17.813, -0.099, 1.062, 0.482
17.830, -0.099, 1.062, 0.483
17.846, -0.098, 1.063, 0.483
17.863, -0.097, 1.063, 0.483
17.880, -0.096, 1.063, 0.484
17.896, -0.095, 1.064, 0.484
17.913, -0.094, 1.064, 0.484
17.930, -0.093, 1.064, 0.485
17.946, -0.091, 1.064, 0.485
17.963, -0.090, 1.064, 0.486
17.981, -0.089, 1.064, 0.486
17.996, -0.087, 1.064, 0.486
18.013, -0.086, 1.063, 0.485
18.029, -0.085, 1.063, 0.486
18.047, -0.084, 1.062, 0.485
18.063, -0.083, 1.062, 0.485
18.080, -0.082, 1.062, 0.485
18.096, -0.081, 1.061, 0.484
18.113, -0.079, 1.060, 0.483
18.130, -0.079, 1.060, 0.483
18.146, -0.078, 1.059, 0.483
18.163, -0.077, 1.058, 0.482
18.180, -0.076, 1.058, 0.482
18.196, -0.076, 1.057, 0.481
18.213, -0.074, 1.055, 0.480
18.230, -0.074, 1.055, 0.480
18.246, -0.073, 1.054, 0.479
18.263, -0.073, 1.052, 0.478
18.280, -0.073, 1.052, 0.477
18.296, -0.072, 1.051, 0.477
18.313, -0.072, 1.050, 0.476
18.330, -0.072, 1.049, 0.476
18.346, -0.071, 1.047, 0.475
18.363, -0.071, 1.046, 0.474
18.380, -0.071, 1.045, 0.473
18.396, -0.072, 1.044, 0.473
18.413, -0.072, 1.043, 0.472
18.430, -0.072, 1.042, 0.471
18.447, -0.072, 1.041, 0.470
18.463, -0.072, 1.040, 0.470
18.480, -0.073, 1.039, 0.469
18.497, -0.073, 1.038, 0.468
18.513, -0.074, 1.037, 0.467
18.530, -0.074, 1.036, 0.466
18.547, -0.075, 1.036, 0.465
18.563, -0.076, 1.035, 0.464
18.580, -0.076, 1.035, 0.464
18.597, -0.077, 1.035, 0.463
18.613, -0.078, 1.034, 0.462
18.630, -0.079, 1.034, 0.462
18.647, -0.079, 1.034, 0.460
18.663, -0.080, 1.034, 0.460
18.680, -0.081, 1.034, 0.459
18.697, -0.082, 1.035, 0.458
18.713, -0.083, 1.035, 0.457
18.730, -0.084, 1.035, 0.457
18.747, -0.085, 1.036, 0.456
18.763, -0.086, 1.036, 0.455
18.780, -0.086, 1.037, 0.455
18.797, -0.087, 1.037, 0.454
18.813, -0.088, 1.038, 0.453
18.830, -0.088, 1.039, 0.452
18.847, -0.089, 1.040, 0.452
18.863, -0.090, 1.041, 0.451
18.880, -0.091, 1.042, 0.450
18.897, -0.091, 1.043, 0.450
18.913, -0.092, 1.044, 0.449
18.930, -0.092, 1.045, 0.448
18.947, -0.093, 1.047, 0.447
18.963, -0.093, 1.048, 0.446
18.980, -0.093, 1.048, 0.446
18.997, -0.094, 1.050, 0.445
19.013, -0.094, 1.051, 0.444
19.030, -0.094, 1.052, 0.444
19.046, -0.095, 1.054, 0.443
19.063, -0.095, 1.056, 0.442
19.080, -0.095, 1.056, 0.442
19.096, -0.095, 1.058, 0.441
19.113, -0.095, 1.059, 0.441
19.130, -0.096, 1.060, 0.440
19.147, -0.095, 1.061, 0.440
19.163, -0.095, 1.063, 0.439
19.180, -0.095, 1.063, 0.440
19.196, -0.095, 1.065, 0.439
19.213, -0.095, 1.066, 0.439
19.230, -0.095, 1.067, 0.439
19.246, -0.095, 1.068, 0.439
19.263, -0.094, 1.069, 0.439
19.280, -0.094, 1.070, 0.440
19.296, -0.093, 1.071, 0.440
19.313, -0.093, 1.072, 0.440
19.330, -0.093, 1.073, 0.440
19.346, -0.092, 1.074, 0.440
19.363, -0.092, 1.075, 0.440
19.380, -0.091, 1.075, 0.441
19.396, -0.091, 1.076, 0.440
19.413, -0.091, 1.076, 0.440
19.430, -0.090, 1.077, 0.440
19.447, -0.090, 1.077, 0.440
19.463, -0.089, 1.078, 0.440
19.480, -0.088, 1.078, 0.440
19.496, -0.088, 1.078, 0.440
19.513, -0.087, 1.078, 0.440
19.530, -0.086, 1.079, 0.440
19.547, -0.086, 1.079, 0.439
19.563, -0.086, 1.079, 0.439
19.580, -0.085, 1.079, 0.439
19.596, -0.085, 1.078, 0.439
19.614, -0.085, 1.078, 0.439
19.630, -0.084, 1.078, 0.439
19.647, -0.084, 1.078, 0.439
19.663, -0.083, 1.077, 0.439
19.680, -0.083, 1.077, 0.439
19.696, -0.083, 1.077, 0.439
19.713, -0.082, 1.076, 0.439
19.730, -0.082, 1.076, 0.439
19.746, -0.082, 1.076, 0.439
19.763, -0.082, 1.075, 0.439
19.780, -0.082, 1.075, 0.439
19.796, -0.082, 1.075, 0.439
19.813, -0.082, 1.074, 0.440
19.830, -0.082, 1.074, 0.440
19.847, -0.082, 1.072, 0.440
19.863, -0.082, 1.072, 0.440
19.880, -0.082, 1.072, 0.440
19.897, -0.082, 1.071, 0.440
19.913, -0.082, 1.070, 0.440
19.930, -0.082, 1.070, 0.441
19.946, -0.082, 1.069, 0.441
19.963, -0.082, 1.068, 0.441
19.980, -0.082, 1.067, 0.441
19.997, -0.082, 1.066, 0.441
20.013, -0.082, 1.065, 0.441
20.030, -0.082, 1.065, 0.441
20.046, -0.083, 1.064, 0.441
20.063, -0.083, 1.064, 0.442
20.080, -0.083, 1.063, 0.442
20.097, -0.083, 1.062, 0.442
20.113, -0.084, 1.061, 0.442
20.130, -0.084, 1.061, 0.442
20.147, -0.084, 1.060, 0.442
20.163, -0.084, 1.059, 0.442
20.180, -0.084, 1.059, 0.442
20.197, -0.084, 1.058, 0.442
20.213, -0.085, 1.057, 0.442
20.230, -0.085, 1.057, 0.442
20.247, -0.085, 1.057, 0.442
20.263, -0.085, 1.056, 0.442
20.280, -0.085, 1.055, 0.442
20.296, -0.086, 1.055, 0.442
20.313, -0.086, 1.054, 0.441
20.330, -0.086, 1.054, 0.441
20.346, -0.086, 1.054, 0.441
20.363, -0.087, 1.054, 0.440
20.380, -0.087, 1.054, 0.440
20.396, -0.087, 1.053, 0.440
20.413, -0.087, 1.053, 0.439
20.430, -0.087, 1.053, 0.439
20.446, -0.087, 1.053, 0.438
20.463, -0.087, 1.053, 0.438
20.480, -0.087, 1.053, 0.437
20.497, -0.087, 1.053, 0.437
20.513, -0.087, 1.052, 0.436
20.530, -0.087, 1.052, 0.436
20.547, -0.087, 1.052, 0.435
20.563, -0.087, 1.052, 0.435
20.580, -0.087, 1.052, 0.435
20.597, -0.086, 1.052, 0.434
20.613, -0.086, 1.052, 0.434
20.630, -0.086, 1.052, 0.433
20.647, -0.086, 1.052, 0.433
20.663, -0.085, 1.051, 0.433
20.680, -0.085, 1.051, 0.432
20.697, -0.085, 1.051, 0.432
20.713, -0.085, 1.051, 0.432
20.730, -0.084, 1.050, 0.432
20.747, -0.084, 1.050, 0.432
20.763, -0.084, 1.050, 0.431
20.780, -0.083, 1.049, 0.431
20.797, -0.083, 1.049, 0.431
20.813, -0.082, 1.049, 0.431
20.830, -0.082, 1.048, 0.431
20.847, -0.082, 1.048, 0.431
20.863, -0.081, 1.047, 0.431
20.880, -0.081, 1.047, 0.430
20.897, -0.080, 1.047, 0.431
20.913, -0.080, 1.046, 0.431
20.930, -0.080, 1.046, 0.431
20.947, -0.079, 1.045, 0.431
20.963, -0.079, 1.045, 0.431
20.980, -0.079, 1.045, 0.431
20.996, -0.079, 1.044, 0.431
21.013, -0.079, 1.044, 0.431
21.030, -0.079, 1.044, 0.431
21.047, -0.079, 1.043, 0.431
21.063, -0.079, 1.042, 0.432
21.080, -0.079, 1.042, 0.432
21.097, -0.079, 1.042, 0.432
21.113, -0.080, 1.041, 0.432
21.130, -0.080, 1.041, 0.432
21.147, -0.080, 1.040, 0.433
21.164, -0.081, 1.040, 0.433
21.180, -0.081, 1.040, 0.434
21.196, -0.082, 1.039, 0.434
21.213, -0.082, 1.039, 0.434
21.230, -0.083, 1.039, 0.434
21.246, -0.084, 1.039, 0.435
21.263, -0.084, 1.038, 0.435
21.280, -0.085, 1.038, 0.436
21.296, -0.085, 1.038, 0.436
21.313, -0.086, 1.038, 0.437
21.330, -0.086, 1.038, 0.437
21.346, -0.088, 1.037, 0.438
21.363, -0.088, 1.037, 0.438
21.379, -0.088, 1.037, 0.439
21.396, -0.089, 1.036, 0.440
21.413, -0.089, 1.036, 0.441
21.430, -0.090, 1.036, 0.441
21.446, -0.090, 1.035, 0.442
21.463, -0.091, 1.034, 0.443
21.480, -0.090, 1.034, 0.444
21.496, -0.091, 1.033, 0.444
21.513, -0.091, 1.032, 0.445
21.530, -0.091, 1.031, 0.446
21.546, -0.091, 1.030, 0.447
21.563, -0.091, 1.028, 0.447
21.580, -0.091, 1.028, 0.448
21.596, -0.091, 1.027, 0.449
21.613, -0.091, 1.025, 0.449
21.630, -0.090, 1.024, 0.450
21.646, -0.090, 1.023, 0.451
21.663, -0.090, 1.021, 0.451
21.679, -0.089, 1.020, 0.451
21.696, -0.089, 1.017, 0.452
21.713, -0.088, 1.015, 0.452
21.730, -0.088, 1.014, 0.453
21.746, -0.087, 1.012, 0.454
21.763, -0.086, 1.011, 0.453
21.780, -0.086, 1.009, 0.454
21.796, -0.085, 1.006, 0.454
21.813, -0.084, 1.005, 0.454
21.830, -0.084, 1.003, 0.454
21.846, -0.083, 1.002, 0.454
21.863, -0.081, 0.998, 0.454
21.880, -0.081, 0.997, 0.454
21.896, -0.080, 0.995, 0.454
21.913, -0.079, 0.992, 0.454
21.930, -0.078, 0.991, 0.454
21.946, -0.078, 0.988, 0.454
21.963, -0.076, 0.986, 0.454
21.980, -0.075, 0.983, 0.453
21.997, -0.074, 0.979, 0.453
22.013, -0.073, 0.977, 0.453
22.030, -0.073, 0.975, 0.453
22.046, -0.072, 0.972, 0.452
22.063, -0.070, 0.968, 0.452
22.080, -0.070, 0.967, 0.452
22.096, -0.069, 0.964, 0.451
22.113, -0.068, 0.959, 0.451
22.130, -0.067, 0.958, 0.451
22.146, -0.066, 0.953, 0.450
22.163, -0.065, 0.950, 0.449
22.180, -0.065, 0.949, 0.449
22.196, -0.063, 0.944, 0.448
22.213, -0.063, 0.941, 0.448
22.230, -0.062, 0.940, 0.448
22.246, -0.062, 0.937, 0.447
22.263, -0.061, 0.932, 0.446
22.280, -0.060, 0.931, 0.445
22.296, -0.059, 0.926, 0.445
22.313, -0.059, 0.923, 0.445
22.330, -0.058, 0.922, 0.444
22.347, -0.058, 0.919, 0.444
22.363, -0.057, 0.915, 0.443
22.380, -0.057, 0.913, 0.443
22.396, -0.057, 0.910, 0.443
22.413, -0.057, 0.906, 0.443
22.430, -0.057, 0.904, 0.443
22.447, -0.056, 0.901, 0.443
22.463, -0.056, 0.898, 0.443
22.480, -0.056, 0.895, 0.443
22.496, -0.056, 0.891, 0.443
22.513, -0.056, 0.888, 0.444
22.530, -0.056, 0.887, 0.444
22.546, -0.056, 0.882, 0.445
22.563, -0.056, 0.880, 0.445
22.580, -0.056, 0.878, 0.445
22.596, -0.056, 0.876, 0.446
22.613, -0.057, 0.871, 0.447
22.630, -0.057, 0.870, 0.448
22.646, -0.058, 0.866, 0.450
22.663, -0.058, 0.863, 0.450
22.680, -0.058, 0.862, 0.451
22.696, -0.059, 0.860, 0.452
22.713, -0.060, 0.856, 0.454
22.730, -0.060, 0.855, 0.454
22.746, -0.061, 0.853, 0.456
22.763, -0.062, 0.849, 0.457
22.779, -0.062, 0.848, 0.458
22.796, -0.063, 0.845, 0.459
22.813, -0.064, 0.843, 0.460
22.830, -0.064, 0.842, 0.460
22.846, -0.065, 0.840, 0.461
22.863, -0.066, 0.837, 0.462
22.879, -0.066, 0.836, 0.463
22.896, -0.067, 0.834, 0.463
22.913, -0.067, 0.832, 0.464
22.930, -0.067, 0.830, 0.464
22.946, -0.068, 0.826, 0.465
22.963, -0.069, 0.824, 0.465
22.980, -0.069, 0.823, 0.465
22.996, -0.069, 0.821, 0.465
23.013, -0.070, 0.818, 0.465
23.030, -0.070, 0.816, 0.465
23.046, -0.070, 0.814, 0.464
23.063, -0.070, 0.812, 0.465
23.079, -0.071, 0.810, 0.464
23.097, -0.071, 0.808, 0.464
23.113, -0.071, 0.804, 0.465
23.129, -0.071, 0.803, 0.465
23.146, -0.071, 0.800, 0.464
23.163, -0.072, 0.797, 0.465
23.180, -0.072, 0.796, 0.465
23.196, -0.072, 0.792, 0.466
23.213, -0.072, 0.790, 0.466
23.229, -0.072, 0.789, 0.467
23.246, -0.072, 0.785, 0.467
23.263, -0.072, 0.784, 0.467
23.280, -0.072, 0.782, 0.468
23.296, -0.072, 0.778, 0.469
23.313, -0.072, 0.776, 0.469
23.330, -0.071, 0.775, 0.469
23.346, -0.071, 0.772, 0.470
23.363, -0.071, 0.770, 0.470
23.379, -0.070, 0.768, 0.471
23.396, -0.070, 0.766, 0.471
23.413, -0.069, 0.762, 0.471
23.430, -0.069, 0.761, 0.471
23.446, -0.068, 0.759, 0.471
23.463, -0.067, 0.757, 0.471
23.480, -0.066, 0.755, 0.470
23.496, -0.065, 0.752, 0.470
23.513, -0.064, 0.749, 0.469
23.530, -0.063, 0.748, 0.469
23.546, -0.062, 0.745, 0.467
23.563, -0.060, 0.743, 0.467
23.580, -0.060, 0.742, 0.466
23.596, -0.058, 0.739, 0.465
23.613, -0.057, 0.737, 0.464
23.630, -0.056, 0.736, 0.464
23.646, -0.055, 0.734, 0.462
23.663, -0.054, 0.732, 0.461
23.680, -0.054, 0.731, 0.461
23.696, -0.053, 0.729, 0.460
23.713, -0.051, 0.726, 0.459
23.729, -0.051, 0.725, 0.457
23.746, -0.050, 0.723, 0.457
23.763, -0.049, 0.721, 0.456
23.779, -0.048, 0.719, 0.455
23.796, -0.047, 0.718, 0.454
23.813, -0.046, 0.714, 0.453
23.830, -0.046, 0.713, 0.452
23.846, -0.045, 0.710, 0.451
23.863, -0.044, 0.708, 0.451
23.879, -0.044, 0.707, 0.450
23.896, -0.044, 0.705, 0.450
23.913, -0.043, 0.703, 0.449
23.930, -0.043, 0.700, 0.448
23.946, -0.042, 0.697, 0.447
23.963, -0.042, 0.695, 0.447
23.979, -0.042, 0.694, 0.447
23.996, -0.042, 0.691, 0.446
24.013, -0.042, 0.689, 0.446
24.029, -0.041, 0.687, 0.445
24.046, -0.041, 0.685, 0.445
24.063, -0.041, 0.681, 0.445
24.079, -0.042, 0.680, 0.444
24.096, -0.042, 0.678, 0.444
24.113, -0.042, 0.675, 0.445
24.129, -0.042, 0.673, 0.444
24.146, -0.042, 0.670, 0.444
24.163, -0.042, 0.668, 0.445
24.179, -0.042, 0.667, 0.444
24.196, -0.043, 0.665, 0.444
24.213, -0.043, 0.662, 0.445
24.229, -0.044, 0.660, 0.445
24.246, -0.044, 0.658, 0.445
24.263, -0.044, 0.656, 0.445
24.279, -0.045, 0.654, 0.445
24.296, -0.045, 0.652, 0.446
24.313, -0.046, 0.650, 0.446
24.329, -0.046, 0.648, 0.446
24.346, -0.047, 0.645, 0.447
24.363, -0.047, 0.642, 0.447
24.379, -0.048, 0.641, 0.447
24.396, -0.049, 0.638, 0.448
24.413, -0.049, 0.636, 0.448
24.430, -0.049, 0.635, 0.449
24.446, -0.050, 0.631, 0.450
24.463, -0.050, 0.629, 0.451
24.479, -0.050, 0.628, 0.451
24.496, -0.051, 0.626, 0.452
24.513, -0.051, 0.622, 0.453
24.529, -0.051, 0.621, 0.454
24.546, -0.052, 0.619, 0.455
24.563, -0.052, 0.615, 0.456
24.579, -0.052, 0.614, 0.456
24.597, -0.052, 0.612, 0.457
24.613, -0.052, 0.609, 0.458
24.629, -0.052, 0.607, 0.459
24.646, -0.051, 0.604, 0.460
24.663, -0.051, 0.601, 0.461
24.679, -0.051, 0.600, 0.461
24.696, -0.051, 0.597, 0.462
24.713, -0.050, 0.594, 0.463
24.729, -0.050, 0.593, 0.463
24.746, -0.049, 0.590, 0.464
24.763, -0.049, 0.587, 0.464
24.779, -0.049, 0.586, 0.465
24.796, -0.048, 0.583, 0.465
24.813, -0.048, 0.580, 0.465
24.830, -0.047, 0.578, 0.466
24.846, -0.046, 0.575, 0.466
24.863, -0.046, 0.573, 0.466
24.879, -0.046, 0.571, 0.466
24.896, -0.046, 0.569, 0.466
24.913, -0.045, 0.565, 0.465
24.929, -0.045, 0.564, 0.465
24.949, -0.045, 0.560, 0.465
24.963, -0.044, 0.558, 0.464
24.979, -0.044, 0.557, 0.464
24.996, -0.044, 0.555, 0.464
25.013, -0.044, 0.552, 0.463
25.029, -0.044, 0.550, 0.463
25.046, -0.044, 0.546, 0.462
25.063, -0.044, 0.543, 0.461
25.080, -0.044, 0.542, 0.461
25.096, -0.044, 0.539, 0.460
25.113, -0.044, 0.536, 0.460
25.130, -0.045, 0.534, 0.460
25.146, -0.044, 0.532, 0.460
25.163, -0.045, 0.529, 0.459
25.179, -0.045, 0.526, 0.459
25.196, -0.045, 0.522, 0.458
25.213, -0.046, 0.519, 0.458
25.229, -0.046, 0.518, 0.458
25.246, -0.046, 0.513, 0.458
25.263, -0.046, 0.510, 0.457
25.280, -0.046, 0.509, 0.458
25.296, -0.047, 0.506, 0.457
25.313, -0.047, 0.501, 0.456
25.329, -0.048, 0.500, 0.456
25.346, -0.048, 0.496, 0.456
25.363, -0.049, 0.494, 0.456
25.380, -0.049, 0.491, 0.455
25.396, -0.050, 0.488, 0.455
25.413, -0.051, 0.483, 0.454
25.430, -0.051, 0.482, 0.454
25.446, -0.052, 0.477, 0.453
25.463, -0.052, 0.475, 0.452
25.480, -0.053, 0.472, 0.452
25.498, -0.053, 0.469, 0.451
25.513, -0.054, 0.465, 0.451
25.530, -0.054, 0.463, 0.450
25.546, -0.056, 0.459, 0.449
25.563, -0.056, 0.456, 0.449
25.580, -0.057, 0.454, 0.449
25.596, -0.057, 0.451, 0.448
25.613, -0.058, 0.448, 0.448
25.630, -0.059, 0.445, 0.448
25.646, -0.059, 0.442, 0.448
25.663, -0.060, 0.439, 0.448
25.680, -0.061, 0.436, 0.447
25.696, -0.062, 0.432, 0.447
25.713, -0.062, 0.429, 0.448
25.730, -0.063, 0.427, 0.448
25.746, -0.064, 0.423, 0.448
25.763, -0.064, 0.420, 0.448
25.782, -0.064, 0.418, 0.449
25.797, -0.064, 0.413, 0.449
25.813, -0.065, 0.410, 0.449
25.830, -0.065, 0.409, 0.449
25.846, -0.065, 0.405, 0.449
25.863, -0.065, 0.402, 0.449
25.879, -0.065, 0.399, 0.449
25.896, -0.065, 0.394, 0.449
25.913, -0.065, 0.391, 0.449
25.929, -0.065, 0.389, 0.449
25.946, -0.065, 0.384, 0.449
25.963, -0.064, 0.381, 0.449
25.980, -0.064, 0.380, 0.449
25.996, -0.064, 0.377, 0.449
26.013, -0.063, 0.374, 0.448
26.029, -0.063, 0.371, 0.448
26.046, -0.063, 0.367, 0.447
26.063, -0.063, 0.363, 0.447
26.080, -0.062, 0.362, 0.446
26.096, -0.062, 0.357, 0.446
26.113, -0.062, 0.354, 0.445
26.130, -0.062, 0.353, 0.445
26.146, -0.061, 0.349, 0.444
26.163, -0.062, 0.346, 0.444
26.180, -0.062, 0.345, 0.443
26.196, -0.062, 0.343, 0.443
26.213, -0.062, 0.339, 0.442
26.230, -0.062, 0.338, 0.442
26.246, -0.062, 0.334, 0.441
26.263, -0.062, 0.333, 0.441
26.279, -0.062, 0.331, 0.441
26.296, -0.062, 0.328, 0.441
26.313, -0.062, 0.326, 0.440
26.330, -0.062, 0.325, 0.440
26.346, -0.063, 0.322, 0.440
26.363, -0.063, 0.319, 0.440
26.379, -0.063, 0.319, 0.441
26.396, -0.063, 0.317, 0.441
26.413, -0.063, 0.314, 0.441
26.430, -0.063, 0.313, 0.441
26.446, -0.063, 0.310, 0.441
26.463, -0.063, 0.308, 0.442
26.480, -0.063, 0.307, 0.442
26.497, -0.063, 0.304, 0.442
26.513, -0.063, 0.302, 0.442
26.530, -0.063, 0.301, 0.442
26.546, -0.063, 0.298, 0.442
26.563, -0.062, 0.296, 0.443
26.580, -0.062, 0.295, 0.443
26.596, -0.062, 0.293, 0.443
26.613, -0.062, 0.291, 0.443
26.630, -0.061, 0.288, 0.443
26.646, -0.061, 0.285, 0.443
26.663, -0.060, 0.282, 0.443
26.680, -0.060, 0.281, 0.443
26.696, -0.060, 0.278, 0.443
26.713, -0.059, 0.274, 0.443
26.730, -0.058, 0.273, 0.443
26.746, -0.058, 0.269, 0.443
26.763, -0.057, 0.266, 0.443
26.780, -0.057, 0.265, 0.443
26.796, -0.056, 0.262, 0.443
26.813, -0.056, 0.259, 0.443
26.830, -0.055, 0.256, 0.443
26.846, -0.054, 0.252, 0.443
26.863, -0.054, 0.250, 0.443
26.880, -0.053, 0.247, 0.443
26.897, -0.052, 0.244, 0.442
26.913, -0.052, 0.241, 0.442
26.930, -0.051, 0.238, 0.442
26.946, -0.051, 0.235, 0.443
26.963, -0.050, 0.232, 0.443
26.979, -0.049, 0.229, 0.443
26.996, -0.049, 0.225, 0.444
27.013, -0.049, 0.223, 0.444
27.030, -0.048, 0.220, 0.444
27.047, -0.048, 0.217, 0.445
27.063, -0.047, 0.213, 0.445
27.080, -0.047, 0.211, 0.446
27.096, -0.046, 0.208, 0.446
27.113, -0.046, 0.204, 0.447
27.130, -0.045, 0.202, 0.447
27.146, -0.045, 0.198, 0.448
27.163, -0.045, 0.197, 0.448
27.180, -0.044, 0.194, 0.449
27.196, -0.043, 0.191, 0.450
27.213, -0.043, 0.188, 0.450
27.230, -0.043, 0.187, 0.450
27.246, -0.042, 0.185, 0.451
27.263, -0.041, 0.182, 0.452
27.280, -0.041, 0.180, 0.452
27.296, -0.040, 0.179, 0.452
27.313, -0.039, 0.177, 0.453
27.330, -0.039, 0.176, 0.453
27.346, -0.037, 0.174, 0.454
27.363, -0.037, 0.172, 0.454
27.380, -0.036, 0.172, 0.454
27.396, -0.035, 0.170, 0.454
27.413, -0.034, 0.169, 0.454
27.430, -0.034, 0.168, 0.454
27.446, -0.033, 0.167, 0.454
27.463, -0.032, 0.167, 0.453
27.479, -0.031, 0.166, 0.453
27.496, -0.030, 0.165, 0.452
27.513, -0.029, 0.164, 0.450
27.530, -0.029, 0.164, 0.450
27.546, -0.028, 0.163, 0.448
27.563, -0.028, 0.163, 0.447
27.580, -0.027, 0.163, 0.446
27.596, -0.026, 0.163, 0.443
27.613, -0.026, 0.162, 0.441
27.629, -0.026, 0.162, 0.440
27.646, -0.025, 0.162, 0.438
27.663, -0.025, 0.162, 0.434
27.679, -0.024, 0.162, 0.433
27.697, -0.024, 0.162, 0.429
27.713, -0.024, 0.162, 0.426
27.729, -0.024, 0.163, 0.425
27.746, -0.024, 0.163, 0.420
27.763, -0.024, 0.163, 0.417
27.780, -0.024, 0.163, 0.415
27.797, -0.024, 0.163, 0.410
27.813, -0.024, 0.164, 0.409
27.830, -0.025, 0.164, 0.405
27.846, -0.025, 0.165, 0.400
27.863, -0.026, 0.165, 0.397
27.879, -0.026, 0.165, 0.395
27.897, -0.026, 0.165, 0.392
27.913, -0.027, 0.166, 0.387
27.929, -0.027, 0.166, 0.385
27.946, -0.028, 0.167, 0.380
27.963, -0.029, 0.168, 0.376
27.979, -0.029, 0.168, 0.375
27.997, -0.030, 0.169, 0.369
28.013, -0.031, 0.170, 0.366
28.029, -0.032, 0.170, 0.364
28.046, -0.032, 0.170, 0.361
28.063, -0.034, 0.171, 0.355
28.079, -0.034, 0.171, 0.354
28.096, -0.035, 0.172, 0.349
28.113, -0.036, 0.173, 0.345
28.129, -0.037, 0.173, 0.343
28.146, -0.037, 0.173, 0.340
28.163, -0.038, 0.174, 0.337
28.179, -0.039, 0.174, 0.333
28.197, -0.040, 0.175, 0.328
28.213, -0.041, 0.176, 0.325
28.229, -0.041, 0.176, 0.323
28.246, -0.042, 0.177, 0.319
28.263, -0.043, 0.177, 0.317
28.279, -0.043, 0.177, 0.314
28.297, -0.044, 0.178, 0.310
28.313, -0.045, 0.178, 0.306
28.330, -0.045, 0.178, 0.305
28.346, -0.046, 0.179, 0.302
28.363, -0.046, 0.179, 0.298
28.379, -0.047, 0.179, 0.297
28.396, -0.048, 0.179, 0.293
28.413, -0.048, 0.179, 0.291
28.429, -0.048, 0.180, 0.290
28.446, -0.048, 0.180, 0.286
28.463, -0.049, 0.179, 0.283
28.479, -0.049, 0.180, 0.282
28.497, -0.049, 0.180, 0.280
28.513, -0.050, 0.179, 0.276
28.529, -0.050, 0.179, 0.275
28.546, -0.050, 0.179, 0.273
28.563, -0.050, 0.178, 0.269
28.580, -0.050, 0.178, 0.268
28.597, -0.050, 0.178, 0.266
28.613, -0.051, 0.177, 0.262
28.630, -0.050, 0.177, 0.261
28.646, -0.051, 0.176, 0.259
28.663, -0.051, 0.176, 0.256
28.679, -0.051, 0.175, 0.254
28.697, -0.051, 0.174, 0.251
28.713, -0.051, 0.173, 0.248
28.730, -0.051, 0.173, 0.247
28.746, -0.051, 0.172, 0.243
28.763, -0.051, 0.172, 0.241
28.780, -0.051, 0.171, 0.239
28.796, -0.051, 0.170, 0.237
28.813, -0.051, 0.170, 0.235
28.830, -0.051, 0.169, 0.232
28.846, -0.052, 0.168, 0.228
28.863, -0.052, 0.167, 0.226
28.880, -0.052, 0.167, 0.225
28.896, -0.052, 0.167, 0.222
28.913, -0.053, 0.166, 0.219
28.930, -0.053, 0.166, 0.217
28.946, -0.054, 0.166, 0.214
28.963, -0.054, 0.165, 0.213
28.980, -0.054, 0.165, 0.211
28.996, -0.055, 0.165, 0.209
29.013, -0.055, 0.164, 0.207
29.030, -0.056, 0.164, 0.206
29.046, -0.056, 0.164, 0.203
29.063, -0.056, 0.164, 0.202
29.080, -0.057, 0.163, 0.201
29.096, -0.058, 0.163, 0.198
29.113, -0.058, 0.163, 0.197
29.130, -0.058, 0.162, 0.196
29.146, -0.059, 0.162, 0.195
29.163, -0.060, 0.161, 0.192
29.180, -0.060, 0.161, 0.192
29.196, -0.061, 0.161, 0.190
29.213, -0.062, 0.161, 0.189
29.230, -0.062, 0.161, 0.188
29.246, -0.063, 0.161, 0.187
29.263, -0.064, 0.161, 0.185
29.280, -0.064, 0.161, 0.185
29.296, -0.066, 0.161, 0.184
29.313, -0.066, 0.161, 0.183
29.330, -0.067, 0.161, 0.182
29.346, -0.069, 0.161, 0.181
29.363, -0.070, 0.162, 0.180
29.380, -0.071, 0.162, 0.180
29.396, -0.072, 0.163, 0.178
29.413, -0.073, 0.163, 0.177
29.430, -0.074, 0.164, 0.176
29.446, -0.075, 0.164, 0.175
29.463, -0.077, 0.165, 0.174
29.480, -0.077, 0.166, 0.173
29.496, -0.079, 0.167, 0.172
29.513, -0.080, 0.167, 0.170
29.530, -0.081, 0.168, 0.169
29.546, -0.082, 0.169, 0.167
29.563, -0.083, 0.169, 0.165
29.580, -0.084, 0.170, 0.164
29.596, -0.085, 0.171, 0.161
29.613, -0.086, 0.171, 0.159
29.630, -0.087, 0.172, 0.157
29.646, -0.088, 0.173, 0.155
29.663, -0.089, 0.174, 0.152
29.680, -0.089, 0.174, 0.151
29.697, -0.090, 0.174, 0.149
29.713, -0.092, 0.176, 0.145
29.730, -0.092, 0.176, 0.144
29.746, -0.093, 0.177, 0.141
29.763, -0.094, 0.178, 0.137
29.780, -0.095, 0.179, 0.136
29.797, -0.095, 0.180, 0.134
29.813, -0.096, 0.181, 0.129
29.830, -0.097, 0.182, 0.128
29.846, -0.098, 0.184, 0.125
29.863, -0.098, 0.184, 0.123
29.880, -0.099, 0.186, 0.122
29.896, -0.099, 0.187, 0.117
29.913, -0.100, 0.189, 0.114
29.930, -0.100, 0.189, 0.112
29.946, -0.100, 0.191, 0.104
29.963, -0.101, 0.191, 0.100
29.980, -0.101, 0.192, 0.092
29.996, -0.101, 0.193, 0.076
30.013, -0.101, 0.194, 0.064
30.030, -0.101, 0.194, 0.056
30.046, -0.104, 0.197, 0.036
30.063, -0.104, 0.200, 0.038
30.080, -0.103, 0.201, 0.040
30.096, -0.102, 0.203, 0.042
30.113, -0.100, 0.205, 0.042
30.130, -0.099, 0.207, 0.041
30.146, -0.096, 0.208, 0.038
30.163, -0.094, 0.209, 0.038
30.180, -0.093, 0.208, 0.036
30.196, -0.094, 0.209, 0.036
30.213, -0.093, 0.209, 0.036
30.230, -0.093, 0.208, 0.036
30.246, -0.093, 0.210, 0.035
30.263, -0.093, 0.210, 0.036
30.280, -0.093, 0.210, 0.035
30.296, -0.092, 0.210, 0.034
30.313, -0.092, 0.210, 0.034
30.330, -0.092, 0.211, 0.034
30.346, -0.092, 0.211, 0.034
30.363, -0.092, 0.211, 0.034
30.380, -0.092, 0.211, 0.034
30.396, -0.092, 0.211, 0.034
30.413, -0.092, 0.211, 0.034
30.430, -0.092, 0.211, 0.034
30.446, -0.092, 0.211, 0.034
30.463, -0.092, 0.211, 0.034
30.480, -0.092, 0.211, 0.034
30.496, -0.092, 0.211, 0.034
30.513, -0.092, 0.211, 0.034
30.530, -0.092, 0.211, 0.034
30.546, -0.092, 0.211, 0.034
30.563, -0.092, 0.211, 0.034
30.580, -0.092, 0.211, 0.034
30.596, -0.092, 0.211, 0.034
30.613, -0.092, 0.211, 0.034
30.629, -0.092, 0.211, 0.034
30.646, -0.092, 0.211, 0.034
30.663, -0.092, 0.211, 0.034
30.680, -0.092, 0.211, 0.034
30.696, -0.092, 0.211, 0.034
30.713, -0.092, 0.211, 0.034
30.730, -0.092, 0.211, 0.034
30.746, -0.092, 0.211, 0.034
30.763, -0.092, 0.211, 0.034
30.780, -0.092, 0.211, 0.034
30.796, -0.092, 0.211, 0.034
30.813, -0.092, 0.211, 0.034
30.830, -0.092, 0.211, 0.034
30.846, -0.092, 0.211, 0.034
30.863, -0.092, 0.211, 0.034
30.880, -0.092, 0.211, 0.034
30.896, -0.092, 0.211, 0.034
30.913, -0.092, 0.211, 0.034
30.929, -0.092, 0.211, 0.034
30.946, -0.092, 0.211, 0.034
30.963, -0.092, 0.211, 0.034
30.979, -0.092, 0.211, 0.034
30.996, -0.092, 0.211, 0.034
31.013, -0.092, 0.211, 0.034
31.030, -0.092, 0.211, 0.034
31.047, -0.092, 0.211, 0.034
31.064, -0.092, 0.211, 0.034
31.080, -0.092, 0.211, 0.034
31.097, -0.092, 0.211, 0.034
31.114, -0.092, 0.211, 0.034
31.131, -0.092, 0.211, 0.034
31.147, -0.092, 0.211, 0.034
31.163, -0.092, 0.211, 0.034
31.180, -0.092, 0.211, 0.034
31.196, -0.092, 0.211, 0.034
31.213, -0.092, 0.211, 0.034
31.230, -0.092, 0.211, 0.034
31.246, -0.092, 0.211, 0.034
31.263, -0.092, 0.211, 0.034
31.280, -0.092, 0.211, 0.034
31.296, -0.092, 0.211, 0.034
31.313, -0.092, 0.211, 0.034
31.330, -0.092, 0.211, 0.034
31.346, -0.092, 0.211, 0.034
31.363, -0.092, 0.211, 0.034
31.380, -0.092, 0.211, 0.034
31.396, -0.092, 0.211, 0.034
31.413, -0.092, 0.211, 0.034
31.430, -0.092, 0.211, 0.034
31.446, -0.092, 0.211, 0.034
31.463, -0.092, 0.211, 0.034
31.480, -0.092, 0.211, 0.034
31.497, -0.092, 0.211, 0.034
31.513, -0.092, 0.211, 0.034
31.530, -0.092, 0.211, 0.034
31.546, -0.092, 0.211, 0.034
31.563, -0.092, 0.211, 0.034
31.580, -0.092, 0.211, 0.034
31.596, -0.092, 0.211, 0.034
31.613, -0.092, 0.211, 0.034
31.630, -0.092, 0.211, 0.034
31.646, -0.092, 0.211, 0.034
31.663, -0.092, 0.211, 0.034
31.680, -0.092, 0.211, 0.034
31.696, -0.092, 0.211, 0.034
31.713, -0.092, 0.211, 0.034
31.730, -0.092, 0.211, 0.034
31.746, -0.092, 0.211, 0.034
31.763, -0.092, 0.211, 0.034
31.780, -0.092, 0.211, 0.034
31.796, -0.092, 0.211, 0.034
31.813, -0.092, 0.211, 0.034
31.830, -0.092, 0.211, 0.034
31.846, -0.092, 0.211, 0.034
31.863, -0.092, 0.211, 0.034
31.880, -0.092, 0.211, 0.034
31.896, -0.092, 0.211, 0.034
31.913, -0.092, 0.211, 0.034
31.930, -0.092, 0.211, 0.034
31.946, -0.092, 0.211, 0.034
31.963, -0.092, 0.211, 0.034
31.979, -0.092, 0.211, 0.034
31.996, -0.092, 0.211, 0.034
32.013, -0.092, 0.211, 0.034
32.030, -0.092, 0.211, 0.034
32.046, -0.092, 0.211, 0.034
32.063, -0.092, 0.211, 0.034
32.079, -0.092, 0.211, 0.034
32.096, -0.092, 0.211, 0.034
32.113, -0.092, 0.211, 0.034
32.130, -0.092, 0.211, 0.034
32.146, -0.092, 0.211, 0.034
32.163, -0.092, 0.211, 0.034
32.180, -0.092, 0.211, 0.034
32.196, -0.092, 0.211, 0.034
32.213, -0.092, 0.211, 0.034
32.229, -0.092, 0.211, 0.034
32.246, -0.092, 0.211, 0.034
32.263, -0.092, 0.211, 0.034
32.279, -0.092, 0.211, 0.034
32.296, -0.092, 0.211, 0.034
32.313, -0.092, 0.211, 0.034
32.329, -0.092, 0.211, 0.034
32.346, -0.092, 0.211, 0.034
32.363, -0.092, 0.211, 0.034
32.379, -0.092, 0.211, 0.034
32.396, -0.092, 0.211, 0.034
32.413, -0.092, 0.211, 0.034
32.429, -0.092, 0.211, 0.034
32.446, -0.092, 0.211, 0.034
32.463, -0.092, 0.211, 0.034
32.480, -0.092, 0.211, 0.034
32.496, -0.092, 0.211, 0.034
32.513, -0.092, 0.211, 0.034
32.530, -0.092, 0.211, 0.034
32.546, -0.092, 0.211, 0.034
32.563, -0.092, 0.211, 0.034
32.579, -0.092, 0.211, 0.034
32.596, -0.092, 0.211, 0.034
32.613, -0.092, 0.211, 0.034
32.630, -0.092, 0.211, 0.034
32.646, -0.092, 0.211, 0.034
32.663, -0.092, 0.211, 0.034
32.679, -0.092, 0.211, 0.034
32.696, -0.092, 0.211, 0.034
32.713, -0.092, 0.211, 0.034
32.730, -0.092, 0.211, 0.034
32.746, -0.092, 0.211, 0.034
32.763, -0.092, 0.211, 0.034
32.780, -0.092, 0.211, 0.034
32.796, -0.092, 0.211, 0.034
32.813, -0.092, 0.211, 0.034
32.830, -0.092, 0.211, 0.034
32.846, -0.092, 0.211, 0.034
32.863, -0.092, 0.211, 0.034
32.879, -0.092, 0.211, 0.034
32.902, -0.092, 0.211, 0.034
32.913, -0.092, 0.211, 0.034
32.929, -0.092, 0.211, 0.034
32.946, -0.092, 0.211, 0.034
32.963, -0.092, 0.211, 0.034
32.979, -0.092, 0.211, 0.034
32.996, -0.092, 0.211, 0.034
33.013, -0.092, 0.211, 0.034
33.029, -0.092, 0.211, 0.034
33.046, -0.092, 0.211, 0.034
33.063, -0.092, 0.211, 0.034
33.079, -0.092, 0.211, 0.034
33.096, -0.092, 0.211, 0.034
33.113, -0.092, 0.211, 0.034
33.129, -0.092, 0.211, 0.034
33.147, -0.092, 0.211, 0.034
33.163, -0.092, 0.211, 0.034
33.179, -0.092, 0.211, 0.034
33.196, -0.092, 0.211, 0.034
33.213, -0.092, 0.211, 0.034
33.229, -0.092, 0.211, 0.034
33.246, -0.092, 0.211, 0.034
33.263, -0.092, 0.211, 0.034
33.279, -0.092, 0.211, 0.034
33.296, -0.092, 0.211, 0.034
33.313, -0.092, 0.211, 0.034
33.329, -0.092, 0.211, 0.034
33.346, -0.092, 0.211, 0.034
33.363, -0.092, 0.211, 0.034
33.379, -0.092, 0.211, 0.034
33.396, -0.092, 0.211, 0.034
33.413, -0.092, 0.211, 0.034
33.429, -0.092, 0.211, 0.034
33.446, -0.092, 0.211, 0.034
33.463, -0.092, 0.211, 0.034
33.479, -0.092, 0.211, 0.034
33.496, -0.092, 0.211, 0.034
33.513, -0.092, 0.211, 0.034
33.529, -0.092, 0.211, 0.034
33.546, -0.092, 0.211, 0.034
33.563, -0.092, 0.211, 0.034
33.579, -0.092, 0.211, 0.034
33.596, -0.092, 0.211, 0.034
33.613, -0.092, 0.211, 0.034
33.629, -0.092, 0.211, 0.034
33.646, -0.092, 0.211, 0.034
33.663, -0.092, 0.211, 0.034
33.679, -0.092, 0.211, 0.034
33.696, -0.092, 0.211, 0.034
33.713, -0.092, 0.211, 0.034
33.729, -0.092, 0.211, 0.034
33.746, -0.092, 0.211, 0.034
33.763, -0.092, 0.211, 0.034
33.779, -0.092, 0.211, 0.034
33.796, -0.092, 0.211, 0.034
33.813, -0.092, 0.211, 0.034
33.829, -0.092, 0.211, 0.034
33.846, -0.092, 0.211, 0.034
33.863, -0.092, 0.211, 0.034
33.879, -0.092, 0.211, 0.034
33.896, -0.092, 0.211, 0.034
33.913, -0.092, 0.211, 0.034
33.929, -0.092, 0.211, 0.034
33.946, -0.092, 0.211, 0.034
33.963, -0.092, 0.211, 0.034
33.979, -0.092, 0.211, 0.034
33.996, -0.092, 0.211, 0.034
34.013, -0.092, 0.211, 0.034
34.029, -0.092, 0.211, 0.034
34.046, -0.092, 0.211, 0.034
34.063, -0.092, 0.211, 0.034
34.079, -0.092, 0.211, 0.034
34.097, -0.092, 0.211, 0.034
34.113, -0.092, 0.211, 0.034
34.130, -0.092, 0.211, 0.034
34.146, -0.092, 0.211, 0.034
34.164, -0.092, 0.211, 0.034
34.179, -0.092, 0.211, 0.034
34.196, -0.092, 0.211, 0.034
34.213, -0.092, 0.211, 0.034
34.229, -0.092, 0.211, 0.034
34.246, -0.092, 0.211, 0.034
34.263, -0.092, 0.211, 0.034
34.279, -0.092, 0.211, 0.034
34.297, -0.092, 0.211, 0.034
34.313, -0.092, 0.211, 0.034
34.329, -0.092, 0.211, 0.034
34.346, -0.092, 0.211, 0.034
34.363, -0.092, 0.211, 0.034
34.379, -0.092, 0.211, 0.034
34.396, -0.092, 0.211, 0.034
34.413, -0.092, 0.211, 0.034
34.429, -0.092, 0.211, 0.034
34.446, -0.092, 0.211, 0.034
34.463, -0.092, 0.211, 0.034
34.480, -0.092, 0.211, 0.034
34.497, -0.092, 0.211, 0.033
34.513, -0.092, 0.211, 0.034
34.530, -0.092, 0.211, 0.034
34.546, -0.092, 0.211, 0.034
34.563, -0.092, 0.211, 0.034
34.580, -0.092, 0.211, 0.034
34.597, -0.092, 0.211, 0.034
34.613, -0.092, 0.211, 0.034
34.629, -0.092, 0.211, 0.034
34.647, -0.092, 0.211, 0.034
34.663, -0.092, 0.211, 0.034
34.680, -0.092, 0.211, 0.034
34.697, -0.092, 0.211, 0.034
34.713, -0.092, 0.211, 0.034
34.730, -0.092, 0.211, 0.034
34.746, -0.092, 0.211, 0.034
34.763, -0.092, 0.211, 0.034
34.780, -0.092, 0.211, 0.034
34.796, -0.092, 0.211, 0.034
34.813, -0.092, 0.211, 0.034
34.830, -0.092, 0.211, 0.034
34.846, -0.092, 0.211, 0.034
34.863, -0.092, 0.211, 0.034
34.879, -0.092, 0.211, 0.034
34.896, -0.092, 0.211, 0.034
34.913, -0.092, 0.211, 0.034
34.930, -0.092, 0.211, 0.034
34.946, -0.092, 0.211, 0.034
34.963, -0.092, 0.211, 0.034
34.980, -0.092, 0.211, 0.034
34.996, -0.092, 0.211, 0.034
35.013, -0.092, 0.211, 0.034
35.030, -0.092, 0.211, 0.034
35.047, -0.092, 0.211, 0.034
35.063, -0.092, 0.211, 0.034
35.080, -0.092, 0.211, 0.034
35.096, -0.092, 0.211, 0.034
35.113, -0.092, 0.211, 0.034
35.130, -0.092, 0.211, 0.034
35.146, -0.092, 0.211, 0.034
35.163, -0.092, 0.211, 0.034
35.180, -0.092, 0.211, 0.034
35.196, -0.092, 0.211, 0.034
35.213, -0.092, 0.211, 0.034
35.230, -0.092, 0.211, 0.034
35.247, -0.092, 0.211, 0.034
35.263, -0.092, 0.211, 0.034
35.280, -0.092, 0.211, 0.034
35.296, -0.092, 0.211, 0.034
35.313, -0.092, 0.211, 0.034
35.330, -0.092, 0.211, 0.034
35.347, -0.092, 0.211, 0.034
35.363, -0.092, 0.211, 0.034
35.380, -0.092, 0.211, 0.034
35.397, -0.092, 0.211, 0.034
35.413, -0.092, 0.211, 0.034
35.430, -0.092, 0.211, 0.034
35.446, -0.092, 0.211, 0.034
35.463, -0.092, 0.211, 0.034
35.480, -0.092, 0.211, 0.034
35.497, -0.092, 0.211, 0.034
35.513, -0.092, 0.211, 0.034
35.530, -0.092, 0.211, 0.034
35.546, -0.092, 0.211, 0.034
35.563, -0.092, 0.211, 0.034
35.580, -0.092, 0.211, 0.034
35.596, -0.092, 0.211, 0.034
35.613, -0.092, 0.211, 0.034
35.630, -0.092, 0.211, 0.034
35.646, -0.092, 0.211, 0.034
35.663, -0.092, 0.211, 0.034
35.680, -0.092, 0.211, 0.034
35.696, -0.092, 0.211, 0.034
35.713, -0.092, 0.211, 0.034
35.730, -0.092, 0.211, 0.034
35.746, -0.092, 0.211, 0.034
35.763, -0.092, 0.211, 0.034
35.780, -0.092, 0.211, 0.034
35.796, -0.092, 0.211, 0.034
35.813, -0.092, 0.211, 0.034
35.830, -0.092, 0.211, 0.034
35.846, -0.092, 0.211, 0.034
35.863, -0.092, 0.211, 0.034
35.880, -0.092, 0.211, 0.034
35.896, -0.092, 0.211, 0.034
35.913, -0.092, 0.211, 0.034
35.930, -0.092, 0.211, 0.034
35.946, -0.092, 0.211, 0.034
35.963, -0.092, 0.211, 0.034
35.980, -0.092, 0.211, 0.034
35.996, -0.092, 0.211, 0.034
36.013, -0.092, 0.211, 0.034
36.032, -0.092, 0.211, 0.034
36.047, -0.092, 0.211, 0.034
36.063, -0.092, 0.211, 0.034
36.080, -0.092, 0.211, 0.034
36.096, -0.092, 0.211, 0.034
36.113, -0.092, 0.211, 0.034
36.130, -0.092, 0.211, 0.034
36.146, -0.092, 0.211, 0.034
36.163, -0.092, 0.211, 0.034
36.180, -0.092, 0.211, 0.034
36.196, -0.092, 0.211, 0.034
36.213, -0.092, 0.211, 0.034
36.230, -0.092, 0.211, 0.034
36.246, -0.092, 0.211, 0.034
36.263, -0.092, 0.211, 0.034
36.280, -0.092, 0.211, 0.034
36.296, -0.092, 0.211, 0.034
36.313, -0.092, 0.211, 0.034
36.330, -0.092, 0.211, 0.034
36.346, -0.092, 0.211, 0.034
36.363, -0.092, 0.211, 0.034
36.380, -0.092, 0.211, 0.034
36.396, -0.092, 0.211, 0.034
36.413, -0.092, 0.211, 0.034
36.430, -0.092, 0.211, 0.034
36.448, -0.092, 0.211, 0.034
36.463, -0.092, 0.211, 0.034
36.480, -0.092, 0.211, 0.034
36.496, -0.092, 0.211, 0.034
36.513, -0.092, 0.211, 0.034
36.530, -0.092, 0.211, 0.034
36.546, -0.092, 0.211, 0.034
36.563, -0.092, 0.211, 0.034
36.579, -0.092, 0.211, 0.034
36.596, -0.092, 0.211, 0.034
36.613, -0.092, 0.211, 0.034
36.630, -0.092, 0.211, 0.034
36.646, -0.092, 0.211, 0.034
36.663, -0.092, 0.211, 0.034
36.679, -0.092, 0.211, 0.034
36.696, -0.092, 0.211, 0.034
36.713, -0.092, 0.211, 0.034
36.729, -0.092, 0.211, 0.034
36.746, -0.092, 0.211, 0.034
36.763, -0.092, 0.211, 0.034
36.779, -0.092, 0.211, 0.034
36.796, -0.092, 0.211, 0.034
36.813, -0.092, 0.211, 0.034
36.830, -0.092, 0.211, 0.034
36.846, -0.092, 0.211, 0.034
36.863, -0.092, 0.211, 0.034
36.879, -0.092, 0.211, 0.034
36.896, -0.092, 0.211, 0.034
36.913, -0.092, 0.211, 0.034
36.929, -0.092, 0.211, 0.034
36.946, -0.092, 0.211, 0.034
36.965, -0.092, 0.211, 0.034
36.979, -0.092, 0.211, 0.034
36.996, -0.092, 0.211, 0.034
37.013, -0.092, 0.211, 0.034
37.029, -0.092, 0.211, 0.034
37.046, -0.092, 0.211, 0.034
37.063, -0.092, 0.211, 0.034
37.079, -0.092, 0.211, 0.034
37.096, -0.092, 0.211, 0.034
37.113, -0.092, 0.211, 0.034
37.129, -0.092, 0.211, 0.034
37.146, -0.092, 0.211, 0.034
37.163, -0.092, 0.211, 0.034
37.180, -0.092, 0.211, 0.034
37.196, -0.092, 0.211, 0.034
37.213, -0.092, 0.211, 0.034
37.229, -0.092, 0.211, 0.034
37.246, -0.092, 0.211, 0.034
37.263, -0.092, 0.211, 0.034
37.279, -0.092, 0.211, 0.034
37.296, -0.092, 0.211, 0.034
37.313, -0.092, 0.211, 0.034
37.329, -0.092, 0.211, 0.034
37.346, -0.092, 0.211, 0.034
37.363, -0.092, 0.211, 0.034
37.379, -0.092, 0.211, 0.034
37.396, -0.092, 0.211, 0.034
37.413, -0.092, 0.211, 0.034
37.429, -0.092, 0.211, 0.034
37.446, -0.092, 0.211, 0.034
37.463, -0.092, 0.211, 0.034
37.479, -0.092, 0.211, 0.034
37.496, -0.092, 0.211, 0.034
37.513, -0.092, 0.211, 0.034
37.529, -0.092, 0.211, 0.034
37.546, -0.092, 0.211, 0.034
37.563, -0.092, 0.211, 0.034
37.579, -0.092, 0.211, 0.034
37.596, -0.092, 0.211, 0.034
37.613, -0.092, 0.211, 0.034
37.629, -0.092, 0.211, 0.034
37.646, -0.092, 0.211, 0.034
37.663, -0.092, 0.211, 0.034
37.679, -0.092, 0.211, 0.034
37.696, -0.092, 0.211, 0.034
37.713, -0.092, 0.211, 0.034
37.729, -0.092, 0.211, 0.034
37.746, -0.092, 0.211, 0.034
37.763, -0.092, 0.211, 0.034
37.779, -0.092, 0.211, 0.034
37.796, -0.092, 0.211, 0.034
37.813, -0.092, 0.211, 0.034
37.829, -0.092, 0.211, 0.034
37.846, -0.092, 0.211, 0.034
37.863, -0.092, 0.211, 0.034
37.879, -0.092, 0.211, 0.034
37.896, -0.092, 0.211, 0.034
37.913, -0.092, 0.211, 0.034
37.929, -0.092, 0.211, 0.034
37.946, -0.092, 0.211, 0.034
37.963, -0.092, 0.211, 0.034
37.979, -0.092, 0.211, 0.034
37.996, -0.092, 0.211, 0.034
38.013, -0.092, 0.211, 0.034
38.029, -0.092, 0.211, 0.034
38.046, -0.092, 0.211, 0.034
38.063, -0.092, 0.211, 0.034
38.079, -0.092, 0.211, 0.034
38.096, -0.092, 0.211, 0.034
38.113, -0.092, 0.211, 0.034
38.129, -0.092, 0.211, 0.034
38.146, -0.092, 0.211, 0.034
38.163, -0.092, 0.211, 0.034
38.180, -0.092, 0.211, 0.034
38.196, -0.092, 0.211, 0.034
38.213, -0.092, 0.211, 0.034
38.230, -0.092, 0.211, 0.034
38.246, -0.092, 0.211, 0.034
38.263, -0.092, 0.211, 0.034
38.280, -0.092, 0.211, 0.034
38.296, -0.092, 0.211, 0.034
38.313, -0.092, 0.211, 0.034
38.330, -0.092, 0.211, 0.034
38.346, -0.092, 0.211, 0.034
38.363, -0.092, 0.211, 0.034
38.380, -0.092, 0.211, 0.034
38.396, -0.092, 0.211, 0.034
38.413, -0.092, 0.211, 0.034
38.430, -0.092, 0.211, 0.034
38.446, -0.092, 0.211, 0.034
38.463, -0.092, 0.211, 0.034
38.480, -0.092, 0.211, 0.034
38.496, -0.092, 0.211, 0.034
38.513, -0.092, 0.211, 0.034
38.530, -0.092, 0.211, 0.034
38.546, -0.092, 0.211, 0.034
38.563, -0.092, 0.211, 0.034
38.580, -0.092, 0.211, 0.034
38.596, -0.092, 0.211, 0.034
38.613, -0.092, 0.211, 0.034
38.631, -0.092, 0.211, 0.034
38.646, -0.092, 0.211, 0.034
38.663, -0.092, 0.211, 0.034
38.680, -0.092, 0.211, 0.034
38.696, -0.092, 0.211, 0.034
38.713, -0.092, 0.211, 0.034
38.730, -0.092, 0.211, 0.034
38.746, -0.092, 0.211, 0.034
38.763, -0.092, 0.211, 0.034
38.780, -0.092, 0.211, 0.034
38.796, -0.092, 0.211, 0.034
38.813, -0.092, 0.211, 0.034
38.830, -0.092, 0.211, 0.034
38.846, -0.092, 0.211, 0.034
38.863, -0.092, 0.211, 0.034
38.880, -0.092, 0.211, 0.034
38.896, -0.092, 0.211, 0.034
38.913, -0.092, 0.211, 0.034
38.930, -0.092, 0.211, 0.034
38.946, -0.092, 0.211, 0.034
38.963, -0.092, 0.211, 0.034
38.980, -0.092, 0.211, 0.034
38.996, -0.092, 0.211, 0.034
39.013, -0.092, 0.211, 0.034
39.030, -0.092, 0.211, 0.034
39.048, -0.092, 0.211, 0.034
39.063, -0.092, 0.211, 0.034
39.080, -0.092, 0.211, 0.034
39.097, -0.092, 0.211, 0.034
39.113, -0.092, 0.211, 0.034
39.129, -0.092, 0.211, 0.034
39.146, -0.092, 0.211, 0.034
39.163, -0.092, 0.211, 0.034
39.179, -0.092, 0.211, 0.034
39.196, -0.092, 0.211, 0.034
39.213, -0.092, 0.211, 0.034
39.229, -0.092, 0.211, 0.034
39.246, -0.092, 0.211, 0.034
39.263, -0.092, 0.211, 0.034
39.279, -0.092, 0.211, 0.034
39.296, -0.092, 0.211, 0.034
39.313, -0.092, 0.211, 0.034
39.329, -0.092, 0.211, 0.034
39.346, -0.092, 0.211, 0.034
39.363, -0.092, 0.211, 0.034
39.380, -0.092, 0.211, 0.034
39.396, -0.092, 0.211, 0.034
39.413, -0.092, 0.211, 0.034
39.430, -0.092, 0.211, 0.034
39.446, -0.092, 0.211, 0.034
39.463, -0.092, 0.211, 0.034
39.480, -0.092, 0.211, 0.034
39.496, -0.092, 0.211, 0.034
39.513, -0.092, 0.211, 0.034
39.530, -0.092, 0.211, 0.034
39.546, -0.092, 0.211, 0.034
39.563, -0.092, 0.211, 0.034
39.580, -0.092, 0.211, 0.034
39.596, -0.092, 0.211, 0.034
39.613, -0.092, 0.211, 0.034
39.630, -0.092, 0.211, 0.034
39.646, -0.092, 0.211, 0.034
39.663, -0.092, 0.211, 0.034
39.679, -0.092, 0.211, 0.034
39.696, -0.092, 0.211, 0.034
39.713, -0.092, 0.211, 0.034
39.729, -0.092, 0.211, 0.034
39.746, -0.092, 0.211, 0.034
39.763, -0.092, 0.211, 0.034
39.779, -0.092, 0.211, 0.034
39.796, -0.092, 0.211, 0.034
39.813, -0.092, 0.211, 0.034
39.829, -0.092, 0.211, 0.034
39.846, -0.092, 0.211, 0.034
39.863, -0.092, 0.211, 0.034
39.879, -0.092, 0.211, 0.034
39.896, -0.092, 0.211, 0.034
39.913, -0.092, 0.211, 0.034
39.929, -0.092, 0.211, 0.034
39.946, -0.092, 0.211, 0.034
39.963, -0.092, 0.211, 0.034
39.979, -0.092, 0.211, 0.034
39.996, -0.092, 0.211, 0.034
40.013, -0.092, 0.211, 0.034
40.029, -0.092, 0.211, 0.034
40.046, -0.092, 0.211, 0.034
40.063, -0.092, 0.211, 0.034
40.080, -0.092, 0.211, 0.034
40.096, -0.092, 0.211, 0.034
40.113, -0.092, 0.211, 0.034
40.130, -0.092, 0.211, 0.034
40.147, -0.092, 0.211, 0.034
40.163, -0.092, 0.211, 0.034
40.180, -0.092, 0.211, 0.034
40.196, -0.092, 0.211, 0.034
40.213, -0.092, 0.211, 0.034
40.230, -0.092, 0.211, 0.034
40.247, -0.092, 0.211, 0.034
40.263, -0.092, 0.211, 0.034
40.280, -0.092, 0.211, 0.034
40.296, -0.092, 0.211, 0.034
40.313, -0.092, 0.211, 0.034
40.330, -0.092, 0.211, 0.034
40.347, -0.092, 0.211, 0.034
40.363, -0.092, 0.211, 0.034
40.380, -0.092, 0.211, 0.034
40.397, -0.092, 0.211, 0.034
40.413, -0.092, 0.211, 0.034
40.430, -0.092, 0.211, 0.034
40.447, -0.092, 0.211, 0.034
40.463, -0.092, 0.211, 0.034
40.480, -0.092, 0.211, 0.034
40.497, -0.092, 0.211, 0.034
40.513, -0.092, 0.211, 0.034
40.530, -0.092, 0.211, 0.034
40.547, -0.092, 0.211, 0.034
40.563, -0.092, 0.211, 0.034
40.580, -0.092, 0.211, 0.034
40.597, -0.092, 0.211, 0.034
40.613, -0.092, 0.211, 0.034
40.630, -0.092, 0.211, 0.034
40.647, -0.092, 0.211, 0.034
40.663, -0.092, 0.211, 0.034
40.680, -0.092, 0.211, 0.034
40.696, -0.092, 0.211, 0.034
40.713, -0.092, 0.211, 0.034
40.730, -0.092, 0.211, 0.034
40.747, -0.092, 0.211, 0.034
40.763, -0.092, 0.211, 0.034
40.780, -0.092, 0.211, 0.034
40.797, -0.092, 0.211, 0.034
40.813, -0.092, 0.211, 0.034
40.830, -0.092, 0.211, 0.034
40.847, -0.092, 0.211, 0.034
40.863, -0.092, 0.211, 0.034
40.880, -0.092, 0.211, 0.034
40.897, -0.092, 0.211, 0.034
40.913, -0.092, 0.211, 0.034
40.930, -0.092, 0.211, 0.034
40.947, -0.092, 0.211, 0.034
40.963, -0.092, 0.211, 0.034
40.980, -0.092, 0.211, 0.034
40.997, -0.092, 0.211, 0.034
41.013, -0.092, 0.211, 0.034
41.030, -0.092, 0.211, 0.034
41.047, -0.092, 0.211, 0.034
41.063, -0.092, 0.211, 0.034
41.080, -0.092, 0.211, 0.034
41.097, -0.092, 0.211, 0.034
41.113, -0.092, 0.211, 0.034
41.130, -0.092, 0.211, 0.034
41.147, -0.092, 0.211, 0.034
41.163, -0.092, 0.211, 0.034
41.180, -0.092, 0.211, 0.034
41.196, -0.092, 0.211, 0.034
41.213, -0.092, 0.211, 0.034
41.230, -0.092, 0.211, 0.034
41.246, -0.092, 0.211, 0.034
41.263, -0.092, 0.211, 0.034
41.280, -0.092, 0.211, 0.034
41.296, -0.092, 0.211, 0.034
41.313, -0.092, 0.211, 0.034
41.330, -0.092, 0.211, 0.034
41.346, -0.092, 0.211, 0.034
41.363, -0.092, 0.211, 0.034
41.380, -0.092, 0.211, 0.034
41.396, -0.092, 0.211, 0.034
41.413, -0.092, 0.211, 0.034
41.430, -0.092, 0.211, 0.034
41.446, -0.092, 0.211, 0.034
41.463, -0.092, 0.211, 0.034
41.480, -0.092, 0.211, 0.034
41.497, -0.092, 0.211, 0.034
41.513, -0.092, 0.211, 0.034
41.530, -0.092, 0.211, 0.034
41.546, -0.092, 0.211, 0.034
41.563, -0.092, 0.211, 0.034
41.580, -0.092, 0.211, 0.034
41.597, -0.092, 0.211, 0.034
41.614, -0.092, 0.211, 0.034
41.630, -0.092, 0.211, 0.034
41.646, -0.092, 0.211, 0.034
41.664, -0.092, 0.211, 0.034
41.680, -0.092, 0.211, 0.034
41.697, -0.092, 0.211, 0.034
41.713, -0.092, 0.211, 0.034
41.730, -0.092, 0.211, 0.034
41.746, -0.092, 0.211, 0.034
41.763, -0.092, 0.211, 0.034
41.780, -0.092, 0.211, 0.034
41.796, -0.092, 0.211, 0.034
41.814, -0.092, 0.211, 0.034
41.830, -0.092, 0.211, 0.034
41.846, -0.092, 0.211, 0.034
41.863, -0.092, 0.211, 0.034
41.880, -0.092, 0.211, 0.034
41.896, -0.092, 0.211, 0.034
41.913, -0.092, 0.211, 0.034
41.929, -0.092, 0.211, 0.034
41.946, -0.092, 0.211, 0.034
41.963, -0.092, 0.211, 0.034
41.980, -0.092, 0.211, 0.034
41.996, -0.092, 0.211, 0.034
42.013, -0.092, 0.211, 0.034
42.029, -0.092, 0.211, 0.034
42.046, -0.092, 0.211, 0.034
42.063, -0.092, 0.211, 0.034
42.079, -0.092, 0.211, 0.034
42.096, -0.092, 0.211, 0.034
42.113, -0.092, 0.211, 0.034
42.130, -0.092, 0.211, 0.034
42.146, -0.092, 0.211, 0.034
42.163, -0.092, 0.211, 0.034
42.179, -0.092, 0.211, 0.034
42.196, -0.092, 0.211, 0.034
42.213, -0.092, 0.211, 0.034
42.229, -0.092, 0.211, 0.034
42.246, -0.092, 0.211, 0.034
42.263, -0.092, 0.211, 0.033
42.279, -0.092, 0.211, 0.034
42.296, -0.092, 0.211, 0.034
42.313, -0.092, 0.211, 0.034
42.330, -0.092, 0.211, 0.034
42.346, -0.092, 0.211, 0.034
42.363, -0.092, 0.211, 0.034
42.379, -0.092, 0.211, 0.034
42.396, -0.092, 0.211, 0.034
42.413, -0.092, 0.211, 0.034
42.429, -0.092, 0.211, 0.034
42.446, -0.092, 0.211, 0.034
42.463, -0.092, 0.211, 0.034
42.480, -0.092, 0.211, 0.034
42.496, -0.092, 0.211, 0.034
42.513, -0.092, 0.211, 0.034
42.529, -0.092, 0.211, 0.034
42.546, -0.092, 0.211, 0.034
42.563, -0.092, 0.211, 0.034
42.580, -0.092, 0.211, 0.034
42.596, -0.092, 0.211, 0.034
42.613, -0.092, 0.211, 0.034
42.630, -0.092, 0.211, 0.034
42.646, -0.092, 0.211, 0.034
42.663, -0.092, 0.211, 0.034
42.680, -0.092, 0.211, 0.034
42.696, -0.092, 0.211, 0.034
42.713, -0.092, 0.211, 0.034
42.729, -0.092, 0.211, 0.034
42.746, -0.092, 0.211, 0.034
42.763, -0.092, 0.211, 0.034
42.780, -0.092, 0.211, 0.034
42.796, -0.092, 0.211, 0.034
42.813, -0.092, 0.211, 0.034
42.829, -0.092, 0.211, 0.034
42.846, -0.092, 0.211, 0.034
42.863, -0.092, 0.211, 0.034
42.879, -0.092, 0.211, 0.034
42.896, -0.092, 0.211, 0.034
42.913, -0.092, 0.211, 0.034
42.930, -0.092, 0.211, 0.034
42.946, -0.092, 0.211, 0.034
42.963, -0.092, 0.211, 0.034
42.979, -0.092, 0.211, 0.034
42.996, -0.092, 0.211, 0.034
43.013, -0.092, 0.211, 0.034
43.030, -0.092, 0.211, 0.034
43.046, -0.092, 0.211, 0.034
43.063, -0.092, 0.211, 0.034
43.080, -0.092, 0.211, 0.034
43.096, -0.092, 0.211, 0.034
43.113, -0.092, 0.211, 0.034
43.130, -0.092, 0.211, 0.034
43.146, -0.092, 0.211, 0.034
43.163, -0.092, 0.211, 0.034
43.179, -0.092, 0.211, 0.034
43.196, -0.092, 0.211, 0.034
43.213, -0.092, 0.211, 0.034
43.230, -0.092, 0.211, 0.034
43.246, -0.092, 0.211, 0.034
43.263, -0.092, 0.211, 0.034
43.280, -0.092, 0.211, 0.034
43.296, -0.092, 0.211, 0.034
43.313, -0.092, 0.211, 0.034
43.330, -0.092, 0.211, 0.034
43.346, -0.092, 0.211, 0.034
43.363, -0.092, 0.211, 0.034
43.380, -0.092, 0.211, 0.034
43.396, -0.092, 0.211, 0.034
43.413, -0.092, 0.211, 0.034
43.430, -0.092, 0.211, 0.034
43.446, -0.092, 0.211, 0.034
43.463, -0.092, 0.211, 0.034
43.479, -0.092, 0.211, 0.034
43.496, -0.092, 0.211, 0.034
43.513, -0.092, 0.211, 0.034
43.530, -0.092, 0.211, 0.034
43.546, -0.092, 0.211, 0.034
43.563, -0.092, 0.211, 0.034
43.580, -0.092, 0.211, 0.034
43.596, -0.092, 0.211, 0.034
43.613, -0.092, 0.211, 0.034
43.630, -0.092, 0.211, 0.034
43.646, -0.092, 0.211, 0.034
43.663, -0.092, 0.211, 0.034
43.679, -0.092, 0.211, 0.034
43.696, -0.092, 0.211, 0.034
43.713, -0.092, 0.211, 0.034
43.730, -0.092, 0.211, 0.034
43.746, -0.092, 0.211, 0.034
43.763, -0.092, 0.211, 0.034
43.780, -0.092, 0.211, 0.034
43.796, -0.092, 0.211, 0.034
43.813, -0.092, 0.211, 0.034
43.830, -0.092, 0.211, 0.034
43.846, -0.092, 0.211, 0.034
43.863, -0.092, 0.211, 0.034
43.880, -0.092, 0.211, 0.034
43.896, -0.092, 0.211, 0.034
43.913, -0.092, 0.211, 0.034
43.930, -0.092, 0.211, 0.034
43.946, -0.092, 0.211, 0.034
43.963, -0.092, 0.211, 0.034
43.979, -0.092, 0.211, 0.034
43.996, -0.092, 0.211, 0.034
44.013, -0.092, 0.211, 0.034
44.030, -0.092, 0.211, 0.034
44.046, -0.092, 0.211, 0.034
44.063, -0.092, 0.211, 0.034
44.079, -0.092, 0.211, 0.034
44.096, -0.092, 0.211, 0.034
44.113, -0.092, 0.211, 0.034
44.130, -0.092, 0.211, 0.034
44.146, -0.092, 0.211, 0.034
44.163, -0.092, 0.211, 0.034
44.180, -0.092, 0.211, 0.034
44.196, -0.092, 0.211, 0.034
44.213, -0.092, 0.211, 0.034
44.230, -0.092, 0.211, 0.033
44.246, -0.092, 0.211, 0.034
44.263, -0.092, 0.211, 0.034
44.280, -0.092, 0.211, 0.034
44.296, -0.092, 0.211, 0.034
44.313, -0.092, 0.211, 0.034
44.330, -0.092, 0.211, 0.034
44.346, -0.092, 0.211, 0.034
44.363, -0.092, 0.211, 0.033
44.380, -0.092, 0.211, 0.034
44.396, -0.092, 0.211, 0.034
44.413, -0.092, 0.211, 0.034
44.429, -0.092, 0.211, 0.034
44.446, -0.092, 0.211, 0.034
44.463, -0.092, 0.211, 0.034
44.480, -0.092, 0.211, 0.034
44.496, -0.092, 0.211, 0.034
44.513, -0.092, 0.211, 0.034
44.530, -0.092, 0.211, 0.034
44.546, -0.092, 0.211, 0.034
44.563, -0.092, 0.211, 0.034
44.579, -0.092, 0.211, 0.034
44.596, -0.092, 0.211, 0.034
44.613, -0.092, 0.211, 0.034
44.630, -0.092, 0.211, 0.034
44.646, -0.092, 0.211, 0.034
44.663, -0.092, 0.211, 0.034
44.680, -0.092, 0.211, 0.034
44.696, -0.092, 0.211, 0.034
44.713, -0.092, 0.211, 0.034
44.730, -0.092, 0.211, 0.034
44.746, -0.092, 0.211, 0.034
44.763, -0.092, 0.211, 0.034
44.780, -0.092, 0.211, 0.034
44.796, -0.092, 0.211, 0.034
44.813, -0.092, 0.211, 0.034
44.830, -0.092, 0.211, 0.034
44.846, -0.092, 0.211, 0.034
44.863, -0.092, 0.211, 0.034
44.880, -0.092, 0.211, 0.034
44.896, -0.092, 0.211, 0.034
44.913, -0.092, 0.211, 0.034
44.930, -0.092, 0.211, 0.034
44.946, -0.092, 0.211, 0.034
44.963, -0.092, 0.211, 0.034
44.980, -0.092, 0.211, 0.034
44.996, -0.092, 0.211, 0.034
45.013, -0.092, 0.211, 0.034
45.030, -0.092, 0.211, 0.034
45.046, -0.092, 0.211, 0.034
45.063, -0.092, 0.211, 0.034
45.080, -0.092, 0.211, 0.034
45.096, -0.092, 0.211, 0.034
45.113, -0.092, 0.211, 0.034
45.130, -0.092, 0.211, 0.034
45.146, -0.092, 0.211, 0.034
45.163, -0.092, 0.211, 0.034
45.180, -0.092, 0.211, 0.034
45.196, -0.092, 0.211, 0.034
45.213, -0.092, 0.211, 0.034
45.230, -0.092, 0.211, 0.034
45.246, -0.092, 0.211, 0.034
45.263, -0.092, 0.211, 0.034
45.280, -0.092, 0.211, 0.034
45.296, -0.092, 0.211, 0.034
45.313, -0.092, 0.211, 0.034
45.330, -0.092, 0.211, 0.034
45.346, -0.092, 0.211, 0.034
45.363, -0.092, 0.211, 0.034
45.380, -0.092, 0.211, 0.034
45.396, -0.092, 0.211, 0.034
45.413, -0.092, 0.211, 0.034
45.430, -0.092, 0.211, 0.034
45.446, -0.092, 0.211, 0.034
45.463, -0.092, 0.211, 0.034
45.480, -0.092, 0.211, 0.034
45.496, -0.092, 0.211, 0.034
45.513, -0.092, 0.211, 0.034
45.530, -0.092, 0.211, 0.034
45.546, -0.092, 0.211, 0.034
45.563, -0.092, 0.211, 0.033
45.580, -0.092, 0.211, 0.034
45.596, -0.092, 0.211, 0.034
45.613, -0.092, 0.211, 0.034
45.629, -0.092, 0.211, 0.034
45.646, -0.092, 0.211, 0.034
45.663, -0.092, 0.211, 0.034
45.680, -0.092, 0.211, 0.034
45.696, -0.092, 0.211, 0.034
45.713, -0.092, 0.211, 0.034
45.730, -0.092, 0.211, 0.034
45.746, -0.092, 0.211, 0.034
45.763, -0.092, 0.211, 0.034
45.780, -0.092, 0.211, 0.034
45.797, -0.092, 0.211, 0.034
45.813, -0.092, 0.211, 0.034
45.830, -0.092, 0.211, 0.034
45.846, -0.092, 0.211, 0.034
45.863, -0.092, 0.211, 0.034
45.880, -0.092, 0.211, 0.034
45.897, -0.092, 0.211, 0.034
45.913, -0.092, 0.211, 0.034
45.930, -0.092, 0.211, 0.034
45.946, -0.092, 0.211, 0.034
45.963, -0.092, 0.211, 0.034
45.980, -0.092, 0.211, 0.034
45.997, -0.092, 0.211, 0.034
46.013, -0.092, 0.211, 0.034
46.030, -0.092, 0.211, 0.034
46.047, -0.092, 0.211, 0.034
46.063, -0.092, 0.211, 0.034
46.080, -0.092, 0.211, 0.034
46.096, -0.092, 0.211, 0.034
46.113, -0.092, 0.211, 0.034
46.130, -0.092, 0.211, 0.034
46.146, -0.092, 0.211, 0.034
46.163, -0.092, 0.211, 0.034
46.179, -0.092, 0.211, 0.034
46.196, -0.092, 0.211, 0.034
46.213, -0.092, 0.211, 0.034
46.230, -0.092, 0.211, 0.034
46.246, -0.092, 0.211, 0.034
46.263, -0.092, 0.211, 0.034
46.280, -0.092, 0.211, 0.034
46.296, -0.092, 0.211, 0.034
46.313, -0.092, 0.211, 0.034
46.330, -0.092, 0.211, 0.034
46.346, -0.092, 0.211, 0.034
46.363, -0.092, 0.211, 0.034
46.380, -0.092, 0.211, 0.034
46.396, -0.092, 0.211, 0.034
46.413, -0.092, 0.211, 0.034
46.430, -0.092, 0.211, 0.034
46.446, -0.092, 0.211, 0.034
46.463, -0.092, 0.211, 0.034
46.480, -0.092, 0.211, 0.034
46.496, -0.092, 0.211, 0.034
46.513, -0.092, 0.211, 0.034
46.530, -0.092, 0.211, 0.034
46.546, -0.092, 0.211, 0.034
46.563, -0.092, 0.211, 0.034
46.579, -0.092, 0.211, 0.034
46.596, -0.092, 0.211, 0.034
46.613, -0.092, 0.211, 0.034
46.630, -0.092, 0.211, 0.034
46.646, -0.092, 0.211, 0.034
46.663, -0.092, 0.211, 0.034
46.680, -0.092, 0.211, 0.034
46.696, -0.092, 0.211, 0.034
46.713, -0.092, 0.211, 0.034
46.730, -0.092, 0.211, 0.034
46.746, -0.092, 0.211, 0.034
46.763, -0.092, 0.211, 0.034
46.780, -0.092, 0.211, 0.034
46.796, -0.092, 0.211, 0.034
46.813, -0.092, 0.211, 0.034
46.830, -0.092, 0.211, 0.034
46.846, -0.092, 0.211, 0.034
46.863, -0.092, 0.211, 0.034
46.880, -0.092, 0.211, 0.034
46.896, -0.092, 0.211, 0.034
46.913, -0.092, 0.211, 0.034
46.930, -0.092, 0.211, 0.034
46.946, -0.092, 0.211, 0.034
46.963, -0.092, 0.211, 0.034
46.980, -0.092, 0.211, 0.034
46.996, -0.092, 0.211, 0.034
47.013, -0.092, 0.211, 0.034
47.030, -0.092, 0.211, 0.034
47.046, -0.092, 0.211, 0.034
47.063, -0.092, 0.211, 0.034
47.079, -0.092, 0.211, 0.034
47.096, -0.092, 0.211, 0.034
47.113, -0.092, 0.211, 0.034
47.130, -0.092, 0.211, 0.034
47.146, -0.092, 0.211, 0.034
47.163, -0.092, 0.211, 0.034
47.180, -0.092, 0.211, 0.034
47.196, -0.092, 0.211, 0.034
47.213, -0.092, 0.211, 0.034
47.229, -0.092, 0.211, 0.034
47.246, -0.092, 0.211, 0.034
47.263, -0.092, 0.211, 0.034
47.279, -0.092, 0.211, 0.034
47.296, -0.092, 0.211, 0.034
47.313, -0.092, 0.211, 0.034
47.329, -0.092, 0.211, 0.034
47.346, -0.092, 0.211, 0.034
47.363, -0.092, 0.211, 0.034
47.380, -0.092, 0.211, 0.034
47.396, -0.092, 0.211, 0.034
47.413, -0.092, 0.211, 0.034
47.430, -0.092, 0.211, 0.034
47.446, -0.092, 0.211, 0.034
47.463, -0.092, 0.211, 0.034
47.479, -0.092, 0.211, 0.034
47.496, -0.092, 0.211, 0.034
47.513, -0.092, 0.211, 0.034
47.530, -0.092, 0.211, 0.034
47.546, -0.092, 0.211, 0.034
47.563, -0.092, 0.211, 0.034
47.580, -0.092, 0.211, 0.034
47.596, -0.092, 0.211, 0.034
47.613, -0.092, 0.211, 0.034
47.630, -0.092, 0.211, 0.034
47.646, -0.092, 0.211, 0.034
47.663, -0.092, 0.211, 0.034
47.680, -0.092, 0.211, 0.034
47.696, -0.092, 0.211, 0.034
47.713, -0.092, 0.211, 0.034
47.729, -0.092, 0.211, 0.034
47.746, -0.092, 0.211, 0.034
47.763, -0.092, 0.211, 0.034
47.779, -0.092, 0.211, 0.034
47.796, -0.092, 0.211, 0.034
47.813, -0.092, 0.211, 0.034
47.829, -0.092, 0.211, 0.034
47.846, -0.092, 0.211, 0.034
47.863, -0.092, 0.211, 0.034
47.879, -0.092, 0.211, 0.034
47.897, -0.092, 0.211, 0.034
47.913, -0.092, 0.211, 0.034
47.929, -0.092, 0.211, 0.034
47.946, -0.092, 0.211, 0.034
47.963, -0.092, 0.211, 0.034
47.979, -0.092, 0.211, 0.034
47.997, -0.092, 0.211, 0.034
48.013, -0.092, 0.211, 0.034
48.030, -0.092, 0.211, 0.034
48.046, -0.092, 0.211, 0.034
48.063, -0.092, 0.211, 0.034
48.079, -0.092, 0.211, 0.034
48.096, -0.092, 0.211, 0.034
48.113, -0.092, 0.211, 0.034
48.129, -0.092, 0.211, 0.034
48.146, -0.092, 0.211, 0.034
48.163, -0.092, 0.211, 0.034
48.179, -0.092, 0.211, 0.034
48.197, -0.092, 0.211, 0.034
48.213, -0.092, 0.211, 0.034
48.229, -0.092, 0.211, 0.034
48.246, -0.092, 0.211, 0.034
48.263, -0.092, 0.211, 0.034
48.279, -0.092, 0.211, 0.034
48.297, -0.092, 0.211, 0.034
48.313, -0.092, 0.211, 0.034
48.330, -0.092, 0.211, 0.034
48.346, -0.092, 0.211, 0.034
48.363, -0.092, 0.211, 0.034
48.380, -0.092, 0.211, 0.034
48.397, -0.092, 0.211, 0.034
48.413, -0.092, 0.211, 0.034
48.429, -0.092, 0.211, 0.034
48.446, -0.092, 0.211, 0.034
48.463, -0.092, 0.211, 0.034
48.479, -0.092, 0.211, 0.034
48.496, -0.092, 0.211, 0.034
48.513, -0.092, 0.211, 0.034
48.530, -0.092, 0.211, 0.034
48.546, -0.092, 0.211, 0.034
48.563, -0.092, 0.211, 0.034
48.580, -0.092, 0.211, 0.034
48.596, -0.092, 0.211, 0.034
48.613, -0.092, 0.211, 0.034
48.630, -0.092, 0.211, 0.034
48.646, -0.092, 0.211, 0.034
48.663, -0.092, 0.211, 0.034
48.680, -0.092, 0.211, 0.034
48.696, -0.092, 0.211, 0.034
48.713, -0.092, 0.211, 0.034
48.730, -0.092, 0.211, 0.034
48.746, -0.092, 0.211, 0.034
48.763, -0.092, 0.211, 0.034
48.780, -0.092, 0.211, 0.034
48.796, -0.092, 0.211, 0.034
48.813, -0.092, 0.211, 0.034
48.830, -0.092, 0.211, 0.034
48.846, -0.092, 0.211, 0.034
48.863, -0.092, 0.211, 0.034
48.880, -0.092, 0.211, 0.034
48.896, -0.092, 0.211, 0.034
48.913, -0.092, 0.211, 0.034
48.929, -0.092, 0.211, 0.034
48.946, -0.092, 0.211, 0.034
48.963, -0.092, 0.211, 0.034
48.979, -0.092, 0.211, 0.034
48.996, -0.092, 0.211, 0.034
49.013, -0.092, 0.211, 0.034
49.030, -0.092, 0.211, 0.034
49.046, -0.092, 0.211, 0.034
49.063, -0.092, 0.211, 0.034
49.080, -0.092, 0.211, 0.034
49.096, -0.092, 0.211, 0.034
49.113, -0.092, 0.211, 0.034
49.129, -0.092, 0.211, 0.034
49.146, -0.092, 0.211, 0.034
49.163, -0.092, 0.211, 0.034
49.180, -0.092, 0.211, 0.034
49.197, -0.092, 0.211, 0.034
49.213, -0.092, 0.211, 0.034
49.230, -0.092, 0.211, 0.034
49.246, -0.092, 0.211, 0.034
49.263, -0.092, 0.211, 0.034
49.280, -0.092, 0.211, 0.034
49.296, -0.092, 0.211, 0.034
49.313, -0.092, 0.211, 0.034
49.330, -0.092, 0.211, 0.034
49.346, -0.092, 0.211, 0.034
49.363, -0.092, 0.211, 0.034
49.380, -0.092, 0.211, 0.034
49.396, -0.092, 0.211, 0.034
49.413, -0.092, 0.211, 0.034
49.430, -0.092, 0.211, 0.034
49.446, -0.092, 0.211, 0.034
49.463, -0.092, 0.211, 0.034
49.480, -0.092, 0.211, 0.034
49.496, -0.092, 0.211, 0.034
49.513, -0.092, 0.211, 0.034
49.530, -0.092, 0.211, 0.034
49.546, -0.092, 0.211, 0.034
49.563, -0.092, 0.211, 0.034
49.580, -0.092, 0.211, 0.034
49.596, -0.092, 0.211, 0.034
49.613, -0.092, 0.211, 0.034
49.630, -0.092, 0.211, 0.034
49.647, -0.092, 0.211, 0.034
49.663, -0.092, 0.211, 0.034
49.680, -0.092, 0.211, 0.034
49.697, -0.092, 0.211, 0.034
49.713, -0.092, 0.211, 0.034
49.730, -0.092, 0.211, 0.034
49.747, -0.092, 0.211, 0.034
49.763, -0.092, 0.211, 0.034
49.780, -0.092, 0.211, 0.034
49.796, -0.092, 0.211, 0.034
49.813, -0.092, 0.211, 0.034
49.830, -0.092, 0.211, 0.034
49.847, -0.092, 0.211, 0.034
49.863, -0.092, 0.211, 0.034
49.880, -0.092, 0.211, 0.034
49.897, -0.092, 0.211, 0.034
49.913, -0.092, 0.211, 0.034
49.930, -0.092, 0.211, 0.034
49.947, -0.092, 0.211, 0.034
49.963, -0.092, 0.211, 0.034
49.980, -0.092, 0.211, 0.034
49.997, -0.092, 0.211, 0.034
50.013, -0.092, 0.211, 0.034
50.030, -0.092, 0.211, 0.034
50.047, -0.092, 0.211, 0.034
50.063, -0.092, 0.211, 0.034
50.080, -0.092, 0.211, 0.034
50.097, -0.092, 0.211, 0.034
50.113, -0.092, 0.211, 0.034
50.130, -0.092, 0.211, 0.034
50.147, -0.092, 0.211, 0.034
50.163, -0.092, 0.211, 0.034
50.180, -0.092, 0.211, 0.034
50.197, -0.092, 0.211, 0.034
50.213, -0.092, 0.211, 0.034
50.230, -0.092, 0.211, 0.034
50.247, -0.092, 0.211, 0.034
50.263, -0.092, 0.211, 0.034
50.280, -0.092, 0.211, 0.034
50.296, -0.092, 0.211, 0.034
50.313, -0.092, 0.211, 0.034
50.330, -0.092, 0.211, 0.034
50.347, -0.092, 0.211, 0.034
50.363, -0.092, 0.211, 0.034
50.380, -0.092, 0.211, 0.034
50.397, -0.092, 0.211, 0.034
50.413, -0.092, 0.211, 0.034
50.430, -0.092, 0.211, 0.034
50.447, -0.092, 0.211, 0.034
50.463, -0.092, 0.211, 0.034
50.480, -0.092, 0.211, 0.034
50.496, -0.092, 0.211, 0.034
50.513, -0.092, 0.211, 0.034
50.530, -0.092, 0.211, 0.034
50.546, -0.092, 0.211, 0.034
50.563, -0.092, 0.211, 0.034
50.580, -0.092, 0.211, 0.034
50.596, -0.092, 0.211, 0.034
50.613, -0.092, 0.211, 0.034
50.630, -0.092, 0.211, 0.034
50.647, -0.092, 0.211, 0.034
50.663, -0.092, 0.211, 0.034
50.680, -0.092, 0.211, 0.034
50.697, -0.092, 0.211, 0.034
50.713, -0.092, 0.211, 0.034
50.730, -0.092, 0.211, 0.034
50.747, -0.092, 0.211, 0.034
50.763, -0.092, 0.211, 0.034
50.780, -0.092, 0.211, 0.034
50.796, -0.092, 0.211, 0.034
50.813, -0.092, 0.211, 0.034
50.830, -0.092, 0.211, 0.034
50.847, -0.092, 0.211, 0.034
50.863, -0.092, 0.211, 0.034
50.880, -0.092, 0.211, 0.034
50.897, -0.092, 0.211, 0.034
50.913, -0.092, 0.211, 0.034
50.930, -0.092, 0.211, 0.034
50.947, -0.092, 0.211, 0.034
50.963, -0.092, 0.211, 0.034
50.980, -0.092, 0.211, 0.034
50.997, -0.092, 0.211, 0.034
51.013, -0.092, 0.211, 0.034
51.032, -0.092, 0.211, 0.034
51.047, -0.092, 0.211, 0.034
51.063, -0.092, 0.211, 0.034
51.080, -0.092, 0.211, 0.034
51.097, -0.092, 0.211, 0.034
51.113, -0.092, 0.211, 0.034
51.130, -0.092, 0.211, 0.034
51.147, -0.092, 0.211, 0.034
51.163, -0.092, 0.211, 0.034
51.180, -0.092, 0.211, 0.034
51.197, -0.092, 0.211, 0.034
51.213, -0.092, 0.211, 0.034
51.230, -0.092, 0.211, 0.034
51.247, -0.092, 0.211, 0.034
51.263, -0.092, 0.211, 0.034
51.280, -0.092, 0.211, 0.034
51.297, -0.092, 0.211, 0.034
51.313, -0.092, 0.211, 0.034
51.330, -0.092, 0.211, 0.034
51.347, -0.092, 0.211, 0.034
51.363, -0.092, 0.211, 0.034
51.380, -0.092, 0.211, 0.034
51.397, -0.092, 0.211, 0.034
51.414, -0.092, 0.211, 0.034
51.429, -0.092, 0.211, 0.034
51.446, -0.092, 0.211, 0.034
51.463, -0.092, 0.211, 0.034
51.479, -0.092, 0.211, 0.034
51.497, -0.092, 0.211, 0.034
51.513, -0.092, 0.211, 0.034
51.529, -0.092, 0.211, 0.034
51.546, -0.092, 0.211, 0.034
51.563, -0.092, 0.211, 0.034
51.579, -0.092, 0.211, 0.034
51.596, -0.092, 0.211, 0.034
51.613, -0.092, 0.211, 0.034
51.629, -0.092, 0.211, 0.034
51.646, -0.092, 0.211, 0.034
51.663, -0.092, 0.211, 0.034
51.679, -0.092, 0.211, 0.034
51.697, -0.092, 0.211, 0.034
51.713, -0.092, 0.211, 0.034
51.729, -0.092, 0.211, 0.034
51.746, -0.092, 0.211, 0.034
51.763, -0.092, 0.211, 0.034
51.779, -0.092, 0.211, 0.034
51.796, -0.092, 0.211, 0.034
51.813, -0.092, 0.211, 0.034
51.829, -0.092, 0.211, 0.034
51.846, -0.092, 0.211, 0.034
51.863, -0.092, 0.211, 0.034
51.879, -0.092, 0.211, 0.034
51.896, -0.092, 0.211, 0.034
51.913, -0.092, 0.211, 0.034
51.929, -0.092, 0.211, 0.034
51.946, -0.092, 0.211, 0.034
51.963, -0.092, 0.211, 0.034
51.981, -0.092, 0.211, 0.034
51.996, -0.092, 0.211, 0.034
52.013, -0.092, 0.211, 0.034
52.029, -0.092, 0.211, 0.034
52.046, -0.092, 0.211, 0.034
52.063, -0.092, 0.211, 0.034
52.079, -0.092, 0.211, 0.034
52.096, -0.092, 0.211, 0.034
52.113, -0.092, 0.211, 0.034
52.129, -0.092, 0.211, 0.034
52.146, -0.092, 0.211, 0.034
52.163, -0.092, 0.211, 0.034
52.179, -0.092, 0.211, 0.034
52.196, -0.092, 0.211, 0.034
52.213, -0.092, 0.211, 0.034
52.230, -0.092, 0.211, 0.034
52.246, -0.092, 0.211, 0.034
52.263, -0.092, 0.211, 0.034
52.279, -0.092, 0.211, 0.034
52.296, -0.092, 0.211, 0.034
52.313, -0.092, 0.211, 0.034
52.329, -0.092, 0.211, 0.034
52.346, -0.092, 0.211, 0.034
52.363, -0.092, 0.211, 0.034
52.379, -0.092, 0.211, 0.034
52.396, -0.092, 0.211, 0.034
52.413, -0.092, 0.211, 0.034
52.429, -0.092, 0.211, 0.034
52.446, -0.092, 0.211, 0.034
52.463, -0.092, 0.211, 0.034
52.479, -0.092, 0.211, 0.034
52.496, -0.092, 0.211, 0.034
52.513, -0.092, 0.211, 0.034
52.529, -0.092, 0.211, 0.034
52.546, -0.092, 0.211, 0.034
52.563, -0.092, 0.211, 0.034
52.579, -0.092, 0.211, 0.034
52.596, -0.092, 0.211, 0.034
52.613, -0.092, 0.211, 0.034
52.629, -0.092, 0.211, 0.034
52.646, -0.092, 0.211, 0.034
52.663, -0.092, 0.211, 0.034
52.679, -0.092, 0.211, 0.034
52.696, -0.092, 0.211, 0.034
52.713, -0.092, 0.211, 0.034
52.729, -0.092, 0.211, 0.034
52.746, -0.092, 0.211, 0.034
52.763, -0.092, 0.211, 0.034
52.779, -0.092, 0.211, 0.034
52.796, -0.092, 0.211, 0.034
52.813, -0.092, 0.211, 0.034
52.829, -0.092, 0.211, 0.034
52.846, -0.092, 0.211, 0.034
52.863, -0.092, 0.211, 0.034
52.879, -0.092, 0.211, 0.034
52.896, -0.092, 0.211, 0.034
52.913, -0.092, 0.211, 0.034
52.929, -0.092, 0.211, 0.034
52.946, -0.092, 0.211, 0.034
52.963, -0.092, 0.211, 0.034
52.979, -0.092, 0.211, 0.034
52.996, -0.092, 0.211, 0.034
53.013, -0.092, 0.211, 0.034
53.029, -0.092, 0.211, 0.034
53.046, -0.092, 0.211, 0.034
53.063, -0.092, 0.211, 0.034
53.079, -0.092, 0.211, 0.034
53.096, -0.092, 0.211, 0.034
53.113, -0.092, 0.211, 0.034
53.130, -0.092, 0.211, 0.034
53.146, -0.092, 0.211, 0.034
53.163, -0.092, 0.211, 0.034
53.179, -0.092, 0.211, 0.034
53.196, -0.092, 0.211, 0.034
53.213, -0.092, 0.211, 0.034
53.229, -0.092, 0.211, 0.034
53.246, -0.092, 0.211, 0.034
53.263, -0.092, 0.211, 0.034
53.279, -0.092, 0.211, 0.034
53.296, -0.092, 0.211, 0.034
53.313, -0.092, 0.211, 0.034
53.329, -0.092, 0.211, 0.034
53.346, -0.092, 0.211, 0.034
53.363, -0.092, 0.211, 0.034
53.379, -0.092, 0.211, 0.034
53.396, -0.092, 0.211, 0.034
53.413, -0.092, 0.211, 0.034
53.429, -0.092, 0.211, 0.034
53.446, -0.092, 0.211, 0.034
53.463, -0.092, 0.211, 0.034
53.479, -0.092, 0.211, 0.034
53.496, -0.092, 0.211, 0.034
53.513, -0.092, 0.211, 0.034
53.529, -0.092, 0.211, 0.034
53.546, -0.092, 0.211, 0.034
53.563, -0.092, 0.211, 0.034
53.579, -0.092, 0.211, 0.034
53.597, -0.092, 0.211, 0.034
53.613, -0.092, 0.211, 0.034
53.629, -0.092, 0.211, 0.034
53.646, -0.092, 0.211, 0.034
53.663, -0.092, 0.211, 0.034
53.679, -0.092, 0.211, 0.034
53.697, -0.092, 0.211, 0.034
53.713, -0.092, 0.211, 0.034
53.729, -0.092, 0.211, 0.034
53.746, -0.092, 0.211, 0.034
53.763, -0.092, 0.211, 0.034
53.779, -0.092, 0.211, 0.034
53.796, -0.092, 0.211, 0.034
53.813, -0.092, 0.211, 0.034
53.830, -0.092, 0.211, 0.034
53.846, -0.092, 0.211, 0.034
53.863, -0.092, 0.211, 0.034
53.879, -0.092, 0.211, 0.034
53.896, -0.092, 0.211, 0.034
53.913, -0.092, 0.211, 0.034
53.929, -0.092, 0.211, 0.034
53.946, -0.092, 0.211, 0.034
53.963, -0.092, 0.211, 0.034
53.979, -0.092, 0.211, 0.034
53.996, -0.092, 0.211, 0.034
54.013, -0.092, 0.211, 0.034
54.030, -0.092, 0.211, 0.034
54.046, -0.092, 0.211, 0.034
54.063, -0.092, 0.211, 0.034
54.080, -0.092, 0.211, 0.034
54.097, -0.092, 0.211, 0.034
54.113, -0.092, 0.211, 0.034
54.130, -0.092, 0.211, 0.034
54.146, -0.092, 0.211, 0.034
54.163, -0.092, 0.211, 0.034
54.180, -0.092, 0.211, 0.034
54.197, -0.092, 0.211, 0.034
54.213, -0.092, 0.211, 0.034
54.230, -0.092, 0.211, 0.034
54.246, -0.092, 0.211, 0.034
54.263, -0.092, 0.211, 0.034
54.280, -0.092, 0.211, 0.034
54.296, -0.092, 0.211, 0.034
54.313, -0.092, 0.211, 0.034
54.330, -0.092, 0.211, 0.034
54.346, -0.092, 0.211, 0.034
54.364, -0.092, 0.211, 0.034
54.380, -0.092, 0.211, 0.034
54.396, -0.092, 0.211, 0.034
54.413, -0.092, 0.211, 0.034
54.430, -0.092, 0.211, 0.034
54.446, -0.092, 0.211, 0.034
54.463, -0.092, 0.211, 0.034
54.480, -0.092, 0.211, 0.034
54.497, -0.092, 0.211, 0.034
54.513, -0.092, 0.211, 0.034
54.530, -0.092, 0.211, 0.034
54.546, -0.092, 0.211, 0.034
54.563, -0.092, 0.211, 0.034
54.580, -0.092, 0.211, 0.034
54.597, -0.092, 0.211, 0.034
54.613, -0.092, 0.211, 0.034
54.630, -0.092, 0.211, 0.034
54.646, -0.092, 0.211, 0.034
54.663, -0.092, 0.211, 0.034
54.681, -0.092, 0.211, 0.034
54.696, -0.092, 0.211, 0.034
54.713, -0.092, 0.211, 0.034
54.730, -0.092, 0.211, 0.034
54.746, -0.092, 0.211, 0.034
54.763, -0.092, 0.211, 0.034
54.780, -0.092, 0.211, 0.034
54.796, -0.092, 0.211, 0.034
54.813, -0.092, 0.211, 0.034
54.830, -0.092, 0.211, 0.034
54.846, -0.092, 0.211, 0.034
54.863, -0.092, 0.211, 0.034
54.880, -0.092, 0.211, 0.034
54.896, -0.092, 0.211, 0.034
54.913, -0.092, 0.211, 0.034
54.930, -0.092, 0.211, 0.034
54.947, -0.092, 0.211, 0.034
54.963, -0.092, 0.211, 0.034
54.980, -0.092, 0.211, 0.034
54.997, -0.092, 0.211, 0.034
55.013, -0.092, 0.211, 0.034
55.030, -0.092, 0.211, 0.034
55.046, -0.092, 0.211, 0.034
55.063, -0.092, 0.211, 0.034
55.080, -0.092, 0.211, 0.034
55.096, -0.092, 0.211, 0.034
55.113, -0.092, 0.211, 0.034
55.129, -0.092, 0.211, 0.034
55.146, -0.092, 0.211, 0.034
55.163, -0.092, 0.211, 0.034
55.180, -0.092, 0.211, 0.034
55.197, -0.092, 0.211, 0.034
55.213, -0.092, 0.211, 0.034
55.230, -0.092, 0.211, 0.034
55.246, -0.092, 0.211, 0.034
55.263, -0.092, 0.211, 0.034
55.280, -0.092, 0.211, 0.034
55.297, -0.092, 0.211, 0.034
55.313, -0.092, 0.211, 0.034
55.330, -0.092, 0.211, 0.034
55.346, -0.092, 0.211, 0.034
55.363, -0.092, 0.211, 0.034
55.380, -0.092, 0.211, 0.034
55.397, -0.092, 0.211, 0.034
55.413, -0.092, 0.211, 0.034
55.430, -0.092, 0.211, 0.034
55.446, -0.092, 0.211, 0.034
55.463, -0.092, 0.211, 0.034
55.480, -0.092, 0.211, 0.034
55.496, -0.092, 0.211, 0.034
55.513, -0.092, 0.211, 0.034
55.530, -0.092, 0.211, 0.034
55.546, -0.092, 0.211, 0.034
55.563, -0.092, 0.211, 0.034
55.580, -0.092, 0.211, 0.034
55.596, -0.092, 0.211, 0.034
55.613, -0.092, 0.211, 0.034
55.630, -0.092, 0.211, 0.034
55.647, -0.092, 0.211, 0.034
55.663, -0.092, 0.211, 0.034
55.680, -0.092, 0.211, 0.034
55.696, -0.092, 0.211, 0.034
55.713, -0.092, 0.211, 0.034
55.730, -0.092, 0.211, 0.034
55.747, -0.092, 0.211, 0.034
55.763, -0.092, 0.211, 0.034
55.780, -0.092, 0.211, 0.034
55.796, -0.092, 0.211, 0.034
55.813, -0.092, 0.211, 0.034
55.830, -0.092, 0.211, 0.034
55.846, -0.092, 0.211, 0.034
55.863, -0.092, 0.211, 0.034
55.880, -0.092, 0.211, 0.034
55.896, -0.092, 0.211, 0.034
55.913, -0.092, 0.211, 0.034
55.930, -0.092, 0.211, 0.034
55.946, -0.092, 0.211, 0.034
55.963, -0.092, 0.211, 0.034
55.980, -0.092, 0.211, 0.034
55.996, -0.092, 0.211, 0.034
56.013, -0.092, 0.211, 0.034
56.030, -0.092, 0.211, 0.034
56.046, -0.092, 0.211, 0.034
56.063, -0.092, 0.211, 0.034
56.080, -0.092, 0.211, 0.034
56.097, -0.092, 0.211, 0.034
56.113, -0.092, 0.211, 0.034
56.129, -0.092, 0.211, 0.034
56.146, -0.092, 0.211, 0.034
56.163, -0.092, 0.211, 0.034
56.179, -0.092, 0.211, 0.034
56.196, -0.092, 0.211, 0.034
56.213, -0.092, 0.211, 0.034
56.229, -0.092, 0.211, 0.034
56.246, -0.092, 0.211, 0.034
56.263, -0.092, 0.211, 0.034
56.279, -0.092, 0.211, 0.034
56.297, -0.092, 0.211, 0.034
56.313, -0.092, 0.211, 0.034
56.329, -0.092, 0.211, 0.034
56.346, -0.092, 0.211, 0.034
56.363, -0.092, 0.211, 0.034
56.379, -0.092, 0.211, 0.034
56.396, -0.092, 0.211, 0.034
56.413, -0.092, 0.211, 0.034
56.429, -0.092, 0.211, 0.034
56.446, -0.092, 0.211, 0.034
56.463, -0.092, 0.211, 0.034
56.479, -0.092, 0.211, 0.034
56.496, -0.092, 0.211, 0.034
56.513, -0.092, 0.211, 0.034
56.529, -0.092, 0.211, 0.034
56.546, -0.092, 0.211, 0.034
56.564, -0.092, 0.211, 0.034
56.580, -0.092, 0.211, 0.034
56.596, -0.092, 0.211, 0.034
56.613, -0.092, 0.211, 0.034
56.630, -0.092, 0.211, 0.034
56.646, -0.092, 0.211, 0.034
56.663, -0.092, 0.211, 0.034
56.680, -0.092, 0.211, 0.034
56.696, -0.092, 0.211, 0.034
56.713, -0.092, 0.211, 0.034
56.729, -0.092, 0.211, 0.034
56.746, -0.092, 0.211, 0.034
56.763, -0.092, 0.211, 0.034
56.780, -0.092, 0.211, 0.034
56.796, -0.092, 0.211, 0.034
56.813, -0.092, 0.211, 0.034
56.830, -0.092, 0.211, 0.034
56.846, -0.092, 0.211, 0.034
56.863, -0.092, 0.211, 0.034
56.880, -0.092, 0.211, 0.034
56.896, -0.092, 0.211, 0.034
56.913, -0.092, 0.211, 0.034
56.930, -0.092, 0.211, 0.034
56.947, -0.092, 0.211, 0.034
56.963, -0.092, 0.211, 0.034
56.980, -0.092, 0.211, 0.034
56.997, -0.092, 0.211, 0.034
57.013, -0.092, 0.211, 0.034
57.030, -0.092, 0.211, 0.034
57.046, -0.092, 0.211, 0.034
57.063, -0.092, 0.211, 0.034
57.080, -0.092, 0.211, 0.034
57.096, -0.092, 0.211, 0.034
57.113, -0.092, 0.211, 0.034
57.130, -0.092, 0.211, 0.034
57.146, -0.092, 0.211, 0.034
57.163, -0.092, 0.211, 0.034
57.179, -0.092, 0.211, 0.034
57.196, -0.092, 0.211, 0.034
57.213, -0.092, 0.211, 0.034
57.230, -0.092, 0.211, 0.034
57.246, -0.092, 0.211, 0.034
57.263, -0.092, 0.211, 0.034
57.280, -0.092, 0.211, 0.034
57.297, -0.092, 0.211, 0.034
57.313, -0.092, 0.211, 0.034
57.330, -0.092, 0.211, 0.034
57.346, -0.092, 0.211, 0.034
57.366, -0.092, 0.211, 0.034
57.380, -0.092, 0.211, 0.034
57.396, -0.092, 0.211, 0.034
57.413, -0.092, 0.211, 0.034
57.429, -0.092, 0.211, 0.034
57.446, -0.092, 0.211, 0.034
57.463, -0.092, 0.211, 0.034
57.480, -0.092, 0.211, 0.034
57.497, -0.092, 0.211, 0.034
57.513, -0.092, 0.211, 0.034
57.530, -0.092, 0.211, 0.034
57.546, -0.092, 0.211, 0.034
57.563, -0.092, 0.211, 0.034
57.580, -0.092, 0.211, 0.034
57.596, -0.092, 0.211, 0.034
57.613, -0.092, 0.211, 0.034
57.630, -0.092, 0.211, 0.034
57.647, -0.092, 0.211, 0.034
57.663, -0.092, 0.211, 0.034
57.680, -0.092, 0.211, 0.034
57.697, -0.092, 0.211, 0.034
57.713, -0.092, 0.211, 0.034
57.730, -0.092, 0.211, 0.034
57.747, -0.092, 0.211, 0.034
57.763, -0.092, 0.211, 0.034
57.780, -0.092, 0.211, 0.034
57.797, -0.092, 0.211, 0.034
57.813, -0.092, 0.211, 0.034
57.830, -0.092, 0.211, 0.034
57.847, -0.092, 0.211, 0.034
57.863, -0.092, 0.211, 0.034
57.880, -0.092, 0.211, 0.034
57.896, -0.092, 0.211, 0.034
57.913, -0.092, 0.211, 0.034
57.930, -0.092, 0.211, 0.034
57.947, -0.092, 0.211, 0.034
57.963, -0.092, 0.211, 0.034
57.980, -0.092, 0.211, 0.034
57.997, -0.092, 0.211, 0.034
58.013, -0.092, 0.211, 0.034
58.030, -0.092, 0.211, 0.034
58.047, -0.092, 0.211, 0.034
58.063, -0.092, 0.211, 0.034
58.080, -0.092, 0.211, 0.034
58.097, -0.092, 0.211, 0.034
58.113, -0.092, 0.211, 0.034
58.130, -0.092, 0.211, 0.034
58.147, -0.092, 0.211, 0.034
58.163, -0.092, 0.211, 0.034
58.180, -0.092, 0.211, 0.034
58.197, -0.092, 0.211, 0.034
58.213, -0.092, 0.211, 0.034
58.230, -0.092, 0.211, 0.034
58.247, -0.092, 0.211, 0.034
58.263, -0.092, 0.211, 0.034
58.280, -0.092, 0.211, 0.034
58.296, -0.092, 0.211, 0.034
58.313, -0.092, 0.211, 0.034
58.329, -0.092, 0.211, 0.034
58.346, -0.092, 0.211, 0.034
58.363, -0.092, 0.211, 0.034
58.380, -0.092, 0.211, 0.034
58.396, -0.092, 0.211, 0.034
58.413, -0.092, 0.211, 0.034
58.429, -0.092, 0.211, 0.034
58.447, -0.092, 0.211, 0.034
58.463, -0.092, 0.211, 0.034
58.480, -0.092, 0.211, 0.034
58.496, -0.092, 0.211, 0.034
58.513, -0.092, 0.211, 0.034
58.530, -0.092, 0.211, 0.034
58.548, -0.092, 0.211, 0.034
58.563, -0.092, 0.211, 0.034
58.580, -0.092, 0.211, 0.034
58.596, -0.092, 0.211, 0.034
58.613, -0.092, 0.211, 0.034
58.630, -0.092, 0.211, 0.034
58.646, -0.092, 0.211, 0.034
58.663, -0.092, 0.211, 0.034
58.679, -0.092, 0.211, 0.034
58.697, -0.092, 0.211, 0.034
58.713, -0.092, 0.211, 0.034
58.730, -0.092, 0.211, 0.034
58.746, -0.092, 0.211, 0.034
58.763, -0.092, 0.211, 0.034
58.780, -0.092, 0.211, 0.034
58.797, -0.092, 0.211, 0.034
58.813, -0.092, 0.211, 0.034
58.830, -0.092, 0.211, 0.034
58.846, -0.092, 0.211, 0.034
58.863, -0.092, 0.211, 0.034
58.880, -0.092, 0.211, 0.034
58.896, -0.092, 0.211, 0.034
58.913, -0.092, 0.211, 0.034
58.930, -0.092, 0.211, 0.034
58.946, -0.092, 0.211, 0.034
58.963, -0.092, 0.211, 0.034
58.980, -0.092, 0.211, 0.034
58.997, -0.092, 0.211, 0.034
59.013, -0.092, 0.211, 0.034
59.030, -0.092, 0.211, 0.034
59.046, -0.092, 0.211, 0.034
59.063, -0.092, 0.211, 0.034
59.080, -0.092, 0.211, 0.034
59.096, -0.092, 0.211, 0.034
59.114, -0.092, 0.211, 0.034
59.130, -0.092, 0.211, 0.034
59.146, -0.092, 0.211, 0.034
59.163, -0.092, 0.211, 0.034
59.180, -0.092, 0.211, 0.034
59.196, -0.092, 0.211, 0.034
59.213, -0.092, 0.211, 0.034
59.230, -0.092, 0.211, 0.034
59.246, -0.092, 0.211, 0.034
59.263, -0.092, 0.211, 0.034
59.280, -0.092, 0.211, 0.034
59.296, -0.092, 0.211, 0.034
59.313, -0.092, 0.211, 0.034
59.330, -0.092, 0.211, 0.034
59.346, -0.092, 0.211, 0.034
59.363, -0.092, 0.211, 0.034
59.380, -0.092, 0.211, 0.034
59.397, -0.092, 0.211, 0.034
59.413, -0.092, 0.211, 0.034
59.430, -0.092, 0.211, 0.034
59.446, -0.092, 0.211, 0.034
59.463, -0.092, 0.211, 0.034
59.481, -0.092, 0.211, 0.034
59.497, -0.092, 0.211, 0.034
59.513, -0.092, 0.211, 0.034
59.530, -0.092, 0.211, 0.034
59.546, -0.092, 0.211, 0.034
59.563, -0.092, 0.211, 0.034
59.580, -0.092, 0.211, 0.034
59.597, -0.092, 0.211, 0.034
59.613, -0.092, 0.211, 0.034
59.630, -0.092, 0.211, 0.034
59.646, -0.092, 0.211, 0.034
59.663, -0.092, 0.211, 0.034
59.680, -0.092, 0.211, 0.034
59.696, -0.092, 0.211, 0.034
59.713, -0.092, 0.211, 0.034
59.729, -0.092, 0.211, 0.034
59.746, -0.092, 0.211, 0.034
59.763, -0.092, 0.211, 0.034
59.780, -0.092, 0.211, 0.034
59.796, -0.092, 0.211, 0.034
59.813, -0.092, 0.211, 0.034
59.830, -0.092, 0.211, 0.034
59.847, -0.092, 0.211, 0.034
59.863, -0.092, 0.211, 0.034
59.880, -0.092, 0.211, 0.034
59.897, -0.092, 0.211, 0.034
59.913, -0.092, 0.211, 0.034
59.930, -0.092, 0.211, 0.034
59.947, -0.092, 0.211, 0.034
59.963, -0.092, 0.211, 0.034
59.980, -0.092, 0.211, 0.034
59.996, -0.092, 0.211, 0.034
60.013, -0.092, 0.211, 0.034
60.030, -0.092, 0.211, 0.034
60.046, -0.092, 0.211, 0.034
60.063, -0.092, 0.211, 0.034
60.080, -0.092, 0.211, 0.034
60.096, -0.092, 0.211, 0.034
60.113, -0.092, 0.211, 0.034
60.130, -0.092, 0.211, 0.034
60.147, -0.092, 0.211, 0.034
60.163, -0.092, 0.211, 0.034
60.180, -0.092, 0.211, 0.034
60.196, -0.092, 0.211, 0.034
60.213, -0.092, 0.211, 0.034
60.230, -0.092, 0.211, 0.034
60.246, -0.092, 0.211, 0.034
60.263, -0.092, 0.211, 0.034
60.280, -0.092, 0.211, 0.034
60.296, -0.092, 0.211, 0.034
60.313, -0.092, 0.211, 0.034
60.330, -0.092, 0.211, 0.034
60.346, -0.092, 0.211, 0.034
60.363, -0.092, 0.211, 0.034
60.380, -0.092, 0.211, 0.034
60.397, -0.092, 0.211, 0.034
60.413, -0.092, 0.211, 0.034
60.430, -0.092, 0.211, 0.034
60.446, -0.092, 0.211, 0.034
60.463, -0.092, 0.211, 0.034
60.480, -0.092, 0.211, 0.034
60.497, -0.092, 0.211, 0.034
60.513, -0.092, 0.211, 0.034
60.530, -0.092, 0.211, 0.034
60.546, -0.092, 0.211, 0.034
60.563, -0.092, 0.211, 0.034
60.580, -0.092, 0.211, 0.034
60.596, -0.092, 0.211, 0.034
60.613, -0.092, 0.211, 0.034
60.630, -0.092, 0.211, 0.034
60.646, -0.092, 0.211, 0.034
60.663, -0.092, 0.211, 0.034
60.680, -0.092, 0.211, 0.034
60.696, -0.092, 0.211, 0.034
60.713, -0.092, 0.211, 0.034
60.730, -0.092, 0.211, 0.034
60.746, -0.092, 0.211, 0.034
60.763, -0.092, 0.211, 0.034
60.780, -0.092, 0.211, 0.034
60.796, -0.092, 0.211, 0.034
60.813, -0.092, 0.211, 0.034
60.830, -0.092, 0.211, 0.034
60.847, -0.092, 0.211, 0.034
60.863, -0.092, 0.211, 0.034
60.880, -0.092, 0.211, 0.034
60.896, -0.092, 0.211, 0.034
60.913, -0.092, 0.211, 0.034
60.930, -0.092, 0.211, 0.034
60.947, -0.092, 0.211, 0.034
60.963, -0.092, 0.211, 0.034
60.980, -0.092, 0.211, 0.034
60.997, -0.092, 0.211, 0.034
61.013, -0.092, 0.211, 0.034
61.030, -0.092, 0.211, 0.034
61.047, -0.092, 0.211, 0.034
61.063, -0.092, 0.211, 0.034
61.080, -0.092, 0.211, 0.034
61.096, -0.092, 0.211, 0.034
61.113, -0.092, 0.211, 0.034
61.130, -0.092, 0.211, 0.034
61.147, -0.092, 0.211, 0.034
61.163, -0.092, 0.211, 0.034
61.180, -0.092, 0.211, 0.034
61.196, -0.092, 0.211, 0.034
61.213, -0.092, 0.211, 0.034
61.230, -0.092, 0.211, 0.034
61.247, -0.092, 0.211, 0.034
61.263, -0.092, 0.211, 0.034
61.280, -0.092, 0.211, 0.034
61.296, -0.092, 0.211, 0.034
61.313, -0.092, 0.211, 0.034
61.330, -0.092, 0.211, 0.034
61.347, -0.092, 0.211, 0.034
61.363, -0.092, 0.211, 0.034
61.380, -0.092, 0.211, 0.034
61.397, -0.092, 0.211, 0.034
61.413, -0.092, 0.211, 0.034
61.430, -0.092, 0.211, 0.034
61.447, -0.092, 0.211, 0.034
61.463, -0.092, 0.211, 0.034
61.480, -0.092, 0.211, 0.034
61.497, -0.092, 0.211, 0.034
61.513, -0.092, 0.211, 0.034
61.530, -0.092, 0.211, 0.034
61.547, -0.092, 0.211, 0.034
61.563, -0.092, 0.211, 0.034
61.580, -0.092, 0.211, 0.034
61.596, -0.092, 0.211, 0.034
61.613, -0.092, 0.211, 0.034
61.630, -0.092, 0.211, 0.034
61.647, -0.092, 0.211, 0.034
61.663, -0.092, 0.211, 0.034
61.680, -0.092, 0.211, 0.034
61.697, -0.092, 0.211, 0.034
61.713, -0.092, 0.211, 0.034
61.730, -0.092, 0.211, 0.034
61.747, -0.092, 0.211, 0.034
61.763, -0.092, 0.211, 0.034
61.780, -0.092, 0.211, 0.034
61.797, -0.092, 0.211, 0.034
61.813, -0.092, 0.211, 0.034
61.830, -0.092, 0.211, 0.034
61.847, -0.092, 0.211, 0.034
61.863, -0.092, 0.211, 0.034
61.880, -0.092, 0.211, 0.034
61.897, -0.092, 0.211, 0.034
61.913, -0.092, 0.211, 0.034
61.930, -0.092, 0.211, 0.034
61.947, -0.092, 0.211, 0.034
61.963, -0.092, 0.211, 0.034
61.980, -0.092, 0.211, 0.034
61.996, -0.092, 0.211, 0.034
62.013, -0.092, 0.211, 0.034
62.030, -0.092, 0.211, 0.034
62.046, -0.092, 0.211, 0.034
62.063, -0.092, 0.211, 0.034
62.081, -0.092, 0.211, 0.034
62.096, -0.092, 0.211, 0.034
62.113, -0.092, 0.211, 0.034
62.130, -0.092, 0.211, 0.034
62.147, -0.092, 0.211, 0.034
62.163, -0.092, 0.211, 0.034
62.180, -0.092, 0.211, 0.034
62.196, -0.092, 0.211, 0.034
62.213, -0.092, 0.211, 0.034
62.230, -0.092, 0.211, 0.034
62.247, -0.092, 0.211, 0.034
62.263, -0.092, 0.211, 0.034
62.280, -0.092, 0.211, 0.034
62.296, -0.092, 0.211, 0.034
62.313, -0.092, 0.211, 0.034
62.330, -0.092, 0.211, 0.034
62.347, -0.092, 0.211, 0.034
62.363, -0.092, 0.211, 0.034
62.380, -0.092, 0.211, 0.034
62.397, -0.092, 0.211, 0.034
62.413, -0.092, 0.211, 0.034
62.430, -0.092, 0.211, 0.034
62.447, -0.092, 0.211, 0.034
62.463, -0.092, 0.211, 0.034
62.480, -0.092, 0.211, 0.034
62.496, -0.092, 0.211, 0.034
62.513, -0.092, 0.211, 0.034
62.530, -0.092, 0.211, 0.034
62.546, -0.092, 0.211, 0.034
62.563, -0.092, 0.211, 0.034
62.580, -0.092, 0.211, 0.034
62.596, -0.092, 0.211, 0.034
62.613, -0.092, 0.211, 0.034
62.630, -0.092, 0.211, 0.034
62.646, -0.092, 0.211, 0.034
62.663, -0.092, 0.211, 0.034
62.680, -0.092, 0.211, 0.034
62.696, -0.092, 0.211, 0.034
62.713, -0.092, 0.211, 0.034
62.730, -0.092, 0.211, 0.034
62.746, -0.092, 0.211, 0.034
62.763, -0.092, 0.211, 0.034
62.780, -0.092, 0.211, 0.034
62.796, -0.092, 0.211, 0.034
62.813, -0.092, 0.211, 0.034
62.830, -0.092, 0.211, 0.034
62.846, -0.092, 0.211, 0.034
62.863, -0.092, 0.211, 0.034
62.880, -0.092, 0.211, 0.034
62.896, -0.092, 0.211, 0.034
62.913, -0.092, 0.211, 0.034
62.930, -0.092, 0.211, 0.034
62.947, -0.092, 0.211, 0.034
62.963, -0.092, 0.211, 0.034
62.980, -0.092, 0.211, 0.034
62.997, -0.092, 0.211, 0.034
63.013, -0.092, 0.211, 0.034
63.030, -0.092, 0.211, 0.034
63.047, -0.092, 0.211, 0.034
63.063, -0.092, 0.211, 0.034
63.080, -0.092, 0.211, 0.034
63.097, -0.092, 0.211, 0.034
63.113, -0.092, 0.211, 0.034
63.130, -0.092, 0.211, 0.034
63.147, -0.092, 0.211, 0.034
63.163, -0.092, 0.211, 0.034
63.180, -0.092, 0.211, 0.034
63.197, -0.092, 0.211, 0.034
63.213, -0.092, 0.211, 0.034
63.230, -0.092, 0.211, 0.034
63.247, -0.092, 0.211, 0.034
63.263, -0.092, 0.211, 0.034
63.280, -0.092, 0.211, 0.034
63.296, -0.092, 0.211, 0.034
63.313, -0.092, 0.211, 0.034
63.330, -0.092, 0.211, 0.034
63.346, -0.092, 0.211, 0.034
63.363, -0.092, 0.211, 0.034
63.380, -0.092, 0.211, 0.034
63.396, -0.092, 0.211, 0.034
63.413, -0.092, 0.211, 0.034
63.430, -0.092, 0.211, 0.034
63.447, -0.092, 0.211, 0.034
63.463, -0.092, 0.211, 0.034
63.480, -0.092, 0.211, 0.034
63.496, -0.092, 0.211, 0.034
63.513, -0.092, 0.211, 0.034
63.530, -0.092, 0.211, 0.034
63.548, -0.092, 0.211, 0.034
63.563, -0.092, 0.211, 0.034
63.580, -0.092, 0.211, 0.034
63.597, -0.092, 0.211, 0.034
63.613, -0.092, 0.211, 0.034
63.630, -0.092, 0.211, 0.034
63.646, -0.092, 0.211, 0.034
63.663, -0.092, 0.211, 0.034
63.680, -0.092, 0.211, 0.034
63.697, -0.092, 0.211, 0.034
63.713, -0.092, 0.211, 0.034
63.730, -0.092, 0.211, 0.034
63.746, -0.092, 0.211, 0.034
63.763, -0.092, 0.211, 0.034
63.780, -0.092, 0.211, 0.034
63.796, -0.092, 0.211, 0.034
63.813, -0.092, 0.211, 0.034
63.830, -0.092, 0.211, 0.034
63.846, -0.092, 0.211, 0.034
63.864, -0.092, 0.211, 0.034
63.880, -0.092, 0.211, 0.034
63.896, -0.092, 0.211, 0.034
63.913, -0.092, 0.211, 0.034
63.929, -0.092, 0.211, 0.034
63.946, -0.092, 0.211, 0.034
63.963, -0.092, 0.211, 0.034
63.980, -0.092, 0.211, 0.034
63.996, -0.092, 0.211, 0.034
64.013, -0.092, 0.211, 0.034
64.030, -0.092, 0.211, 0.034
64.046, -0.092, 0.211, 0.034
64.063, -0.092, 0.211, 0.034
64.080, -0.092, 0.211, 0.034
64.096, -0.092, 0.211, 0.034
64.113, -0.092, 0.211, 0.034
64.130, -0.092, 0.211, 0.034
64.146, -0.092, 0.211, 0.034
64.163, -0.092, 0.211, 0.034
64.180, -0.092, 0.211, 0.034
64.196, -0.092, 0.211, 0.034
64.213, -0.092, 0.211, 0.034
64.230, -0.092, 0.211, 0.034
64.246, -0.092, 0.211, 0.034
64.263, -0.092, 0.211, 0.034
64.280, -0.092, 0.211, 0.034
64.296, -0.092, 0.211, 0.034
64.313, -0.092, 0.211, 0.034
64.330, -0.092, 0.211, 0.034
64.346, -0.092, 0.211, 0.034
64.363, -0.092, 0.211, 0.034
64.380, -0.092, 0.211, 0.034
64.396, -0.092, 0.211, 0.034
64.413, -0.092, 0.211, 0.034
64.430, -0.092, 0.211, 0.034
64.446, -0.092, 0.211, 0.034
64.463, -0.092, 0.211, 0.034
64.480, -0.092, 0.211, 0.034
64.496, -0.092, 0.211, 0.034
64.513, -0.092, 0.211, 0.034
64.530, -0.092, 0.211, 0.034
64.546, -0.092, 0.211, 0.034
64.563, -0.092, 0.211, 0.034
64.580, -0.092, 0.211, 0.034
64.596, -0.092, 0.211, 0.034
64.613, -0.092, 0.211, 0.034
64.630, -0.092, 0.211, 0.034
64.646, -0.092, 0.211, 0.034
64.663, -0.092, 0.211, 0.034
64.680, -0.092, 0.211, 0.034
64.696, -0.092, 0.211, 0.034
64.713, -0.092, 0.211, 0.034
64.730, -0.092, 0.211, 0.034
64.746, -0.092, 0.211, 0.034
64.763, -0.092, 0.211, 0.034
64.780, -0.092, 0.211, 0.034
64.796, -0.092, 0.211, 0.034
64.813, -0.092, 0.211, 0.034
64.830, -0.092, 0.211, 0.034
64.846, -0.092, 0.211, 0.034
64.863, -0.092, 0.211, 0.034
64.880, -0.092, 0.211, 0.034
64.896, -0.092, 0.211, 0.034
64.913, -0.092, 0.211, 0.034
64.930, -0.092, 0.211, 0.034
64.946, -0.092, 0.211, 0.034
64.963, -0.092, 0.211, 0.034
64.980, -0.092, 0.211, 0.034
64.996, -0.092, 0.211, 0.034
65.013, -0.092, 0.211, 0.034
65.030, -0.092, 0.211, 0.034
65.046, -0.092, 0.211, 0.034
65.063, -0.092, 0.211, 0.034
65.080, -0.092, 0.211, 0.034
65.096, -0.092, 0.211, 0.034
65.113, -0.092, 0.211, 0.034
65.130, -0.092, 0.211, 0.034
65.146, -0.092, 0.211, 0.034
65.163, -0.092, 0.211, 0.034
65.180, -0.092, 0.211, 0.034
65.196, -0.092, 0.211, 0.034
65.213, -0.092, 0.211, 0.034
65.230, -0.092, 0.211, 0.034
65.246, -0.092, 0.211, 0.034
65.263, -0.092, 0.211, 0.034
65.280, -0.092, 0.211, 0.034
65.297, -0.092, 0.211, 0.034
65.313, -0.092, 0.211, 0.034
65.330, -0.092, 0.211, 0.034
65.346, -0.092, 0.211, 0.034
65.363, -0.092, 0.211, 0.034
65.380, -0.092, 0.211, 0.034
65.396, -0.092, 0.211, 0.034
65.413, -0.092, 0.211, 0.034
65.430, -0.092, 0.211, 0.034
65.446, -0.092, 0.211, 0.034
65.463, -0.092, 0.211, 0.034
65.480, -0.092, 0.211, 0.034
65.496, -0.092, 0.211, 0.034
65.513, -0.092, 0.211, 0.034
65.530, -0.092, 0.211, 0.034
65.546, -0.092, 0.211, 0.034
65.563, -0.092, 0.211, 0.034
65.580, -0.092, 0.211, 0.034
65.596, -0.092, 0.211, 0.034
65.613, -0.092, 0.211, 0.034
65.630, -0.092, 0.211, 0.034
65.646, -0.092, 0.211, 0.034
65.663, -0.092, 0.211, 0.034
65.680, -0.092, 0.211, 0.034
65.697, -0.092, 0.211, 0.034
65.713, -0.092, 0.211, 0.034
65.730, -0.092, 0.211, 0.034
65.746, -0.092, 0.211, 0.034
65.763, -0.092, 0.211, 0.034
65.780, -0.092, 0.211, 0.034
65.797, -0.092, 0.211, 0.034
65.813, -0.092, 0.211, 0.034
65.830, -0.092, 0.211, 0.034
65.846, -0.092, 0.211, 0.034
65.863, -0.092, 0.211, 0.034
65.880, -0.092, 0.211, 0.034
65.896, -0.092, 0.211, 0.034
65.913, -0.092, 0.211, 0.034
65.930, -0.092, 0.211, 0.034
65.946, -0.092, 0.211, 0.034
65.963, -0.092, 0.211, 0.034
65.980, -0.092, 0.211, 0.034
65.996, -0.092, 0.211, 0.034
66.013, -0.092, 0.211, 0.034
66.030, -0.092, 0.211, 0.034
66.046, -0.092, 0.211, 0.034
66.064, -0.092, 0.211, 0.034
66.080, -0.092, 0.211, 0.034
66.096, -0.092, 0.211, 0.034
66.113, -0.092, 0.211, 0.034
66.130, -0.092, 0.211, 0.034
66.146, -0.092, 0.211, 0.034
66.163, -0.092, 0.211, 0.034
66.180, -0.092, 0.211, 0.034
66.196, -0.092, 0.211, 0.034
66.213, -0.092, 0.211, 0.034
66.230, -0.092, 0.211, 0.034
66.246, -0.092, 0.211, 0.034
66.263, -0.092, 0.211, 0.034
66.280, -0.092, 0.211, 0.034
66.296, -0.092, 0.211, 0.034
66.313, -0.092, 0.211, 0.034
66.330, -0.092, 0.211, 0.034
66.346, -0.092, 0.211, 0.034
66.363, -0.092, 0.211, 0.034
66.380, -0.092, 0.211, 0.034
66.397, -0.092, 0.211, 0.034
66.413, -0.092, 0.211, 0.034
66.430, -0.092, 0.211, 0.034
66.446, -0.092, 0.211, 0.034
66.463, -0.092, 0.211, 0.034
66.480, -0.092, 0.211, 0.034
66.497, -0.092, 0.211, 0.034
66.513, -0.092, 0.211, 0.034
66.530, -0.092, 0.211, 0.034
66.546, -0.092, 0.211, 0.034
66.563, -0.092, 0.211, 0.034
66.580, -0.092, 0.211, 0.034
66.597, -0.092, 0.211, 0.034
66.613, -0.092, 0.211, 0.034
66.630, -0.092, 0.211, 0.034
66.646, -0.092, 0.211, 0.034
66.663, -0.092, 0.211, 0.034
66.680, -0.092, 0.211, 0.034
66.696, -0.092, 0.211, 0.034
66.713, -0.092, 0.211, 0.034
66.730, -0.092, 0.211, 0.034
66.746, -0.092, 0.211, 0.034
66.763, -0.092, 0.211, 0.034
66.780, -0.092, 0.211, 0.034
66.796, -0.092, 0.211, 0.034
66.813, -0.092, 0.211, 0.034
66.830, -0.092, 0.211, 0.034
66.846, -0.092, 0.211, 0.034
66.863, -0.092, 0.211, 0.034
66.880, -0.092, 0.211, 0.034
66.897, -0.092, 0.211, 0.034
66.913, -0.092, 0.211, 0.034
66.930, -0.092, 0.211, 0.034
66.946, -0.092, 0.211, 0.034
66.963, -0.092, 0.211, 0.034
66.980, -0.092, 0.211, 0.034
66.997, -0.092, 0.211, 0.034
67.013, -0.092, 0.211, 0.034
67.030, -0.092, 0.211, 0.034
67.046, -0.092, 0.211, 0.034
67.063, -0.092, 0.211, 0.034
67.080, -0.092, 0.211, 0.034
67.096, -0.092, 0.211, 0.034
67.113, -0.092, 0.211, 0.034
67.130, -0.092, 0.211, 0.034
67.146, -0.092, 0.211, 0.034
67.163, -0.092, 0.211, 0.034
67.180, -0.092, 0.211, 0.034
67.196, -0.092, 0.211, 0.034
67.213, -0.092, 0.211, 0.034
67.230, -0.092, 0.211, 0.034
67.246, -0.092, 0.211, 0.034
67.263, -0.092, 0.211, 0.034
67.280, -0.092, 0.211, 0.034
67.296, -0.092, 0.211, 0.034
67.313, -0.092, 0.211, 0.034
67.330, -0.092, 0.211, 0.034
67.346, -0.092, 0.211, 0.034
67.363, -0.092, 0.211, 0.034
67.380, -0.092, 0.211, 0.034
67.396, -0.092, 0.211, 0.034
67.413, -0.092, 0.211, 0.034
67.430, -0.092, 0.211, 0.034
67.446, -0.092, 0.211, 0.034
67.463, -0.092, 0.211, 0.034
67.479, -0.092, 0.211, 0.034
67.496, -0.092, 0.211, 0.034
67.513, -0.092, 0.211, 0.034
67.529, -0.092, 0.211, 0.034
67.546, -0.092, 0.211, 0.034
67.563, -0.092, 0.211, 0.034
67.579, -0.092, 0.211, 0.034
67.596, -0.092, 0.211, 0.034
67.613, -0.092, 0.211, 0.034
67.629, -0.092, 0.211, 0.034
67.646, -0.092, 0.211, 0.034
67.663, -0.092, 0.211, 0.034
67.679, -0.092, 0.211, 0.034
67.697, -0.092, 0.211, 0.034
67.713, -0.092, 0.211, 0.034
67.729, -0.092, 0.211, 0.034
67.746, -0.092, 0.211, 0.034
67.763, -0.092, 0.211, 0.034
67.779, -0.092, 0.211, 0.034
67.797, -0.092, 0.211, 0.034
67.813, -0.092, 0.211, 0.034
67.829, -0.092, 0.211, 0.034
67.846, -0.092, 0.211, 0.034
67.863, -0.092, 0.211, 0.034
67.880, -0.092, 0.211, 0.034
67.897, -0.092, 0.211, 0.034
67.913, -0.092, 0.211, 0.034
67.929, -0.092, 0.211, 0.034
67.946, -0.092, 0.211, 0.034
67.963, -0.092, 0.211, 0.034
67.980, -0.092, 0.211, 0.034
67.996, -0.092, 0.211, 0.034
68.013, -0.092, 0.211, 0.034
68.030, -0.092, 0.211, 0.034
68.047, -0.092, 0.211, 0.034
68.063, -0.092, 0.211, 0.034
68.080, -0.092, 0.211, 0.034
68.096, -0.092, 0.211, 0.034
68.113, -0.092, 0.211, 0.034
68.130, -0.092, 0.211, 0.034
68.146, -0.092, 0.211, 0.034
68.163, -0.092, 0.211, 0.034
68.180, -0.092, 0.211, 0.034
68.196, -0.092, 0.211, 0.034
68.213, -0.092, 0.211, 0.034
68.230, -0.092, 0.211, 0.034
68.246, -0.092, 0.211, 0.034
68.263, -0.092, 0.211, 0.034
68.280, -0.092, 0.211, 0.034
68.297, -0.092, 0.211, 0.034
68.313, -0.092, 0.211, 0.034
68.330, -0.092, 0.211, 0.034
68.346, -0.092, 0.211, 0.034
68.363, -0.092, 0.211, 0.034
68.380, -0.092, 0.211, 0.034
68.397, -0.092, 0.211, 0.034
68.413, -0.092, 0.211, 0.034
68.430, -0.092, 0.211, 0.034
68.446, -0.092, 0.211, 0.034
68.463, -0.092, 0.211, 0.034
68.480, -0.092, 0.211, 0.034
68.497, -0.092, 0.211, 0.034
68.513, -0.092, 0.211, 0.034
68.530, -0.092, 0.211, 0.034
68.546, -0.092, 0.211, 0.034
68.563, -0.092, 0.211, 0.034
68.580, -0.092, 0.211, 0.034
68.597, -0.092, 0.211, 0.033
68.613, -0.092, 0.211, 0.034
68.630, -0.092, 0.211, 0.034
68.646, -0.092, 0.211, 0.034
68.663, -0.092, 0.211, 0.034
68.680, -0.092, 0.211, 0.034
68.697, -0.092, 0.211, 0.034
68.713, -0.092, 0.211, 0.034
68.730, -0.092, 0.211, 0.034
68.746, -0.092, 0.211, 0.034
68.763, -0.092, 0.211, 0.034
68.780, -0.092, 0.211, 0.034
68.797, -0.092, 0.211, 0.034
68.813, -0.092, 0.211, 0.034
68.830, -0.092, 0.211, 0.034
68.846, -0.092, 0.211, 0.034
68.863, -0.092, 0.211, 0.034
68.880, -0.092, 0.211, 0.034
68.897, -0.092, 0.211, 0.034
68.913, -0.092, 0.211, 0.034
68.930, -0.092, 0.211, 0.034
68.947, -0.092, 0.211, 0.034
68.963, -0.092, 0.211, 0.034
68.980, -0.092, 0.211, 0.034
68.996, -0.092, 0.211, 0.034
69.013, -0.092, 0.211, 0.034
69.030, -0.092, 0.211, 0.034
69.046, -0.092, 0.211, 0.034
69.063, -0.092, 0.211, 0.034
69.079, -0.092, 0.211, 0.034
69.097, -0.092, 0.211, 0.034
69.113, -0.092, 0.211, 0.034
69.130, -0.092, 0.211, 0.034
69.146, -0.092, 0.211, 0.034
69.163, -0.092, 0.211, 0.034
69.180, -0.092, 0.211, 0.034
69.199, -0.092, 0.211, 0.034
69.213, -0.092, 0.211, 0.034
69.230, -0.092, 0.211, 0.034
69.246, -0.092, 0.211, 0.034
69.263, -0.092, 0.211, 0.034
69.280, -0.092, 0.211, 0.034
69.299, -0.092, 0.211, 0.034
69.313, -0.092, 0.211, 0.034
69.330, -0.092, 0.211, 0.034
69.346, -0.092, 0.211, 0.034
69.363, -0.092, 0.211, 0.034
69.380, -0.092, 0.211, 0.034
69.397, -0.092, 0.211, 0.034
69.413, -0.092, 0.211, 0.034
69.430, -0.092, 0.211, 0.034
69.446, -0.092, 0.211, 0.034
69.463, -0.092, 0.211, 0.034
69.480, -0.092, 0.211, 0.034
69.497, -0.092, 0.211, 0.034
69.513, -0.092, 0.211, 0.034
69.530, -0.092, 0.211, 0.034
69.546, -0.092, 0.211, 0.034
69.563, -0.092, 0.211, 0.034
69.580, -0.092, 0.211, 0.034
69.597, -0.092, 0.211, 0.034
69.613, -0.092, 0.211, 0.034
69.630, -0.092, 0.211, 0.034
69.646, -0.092, 0.211, 0.034
69.663, -0.092, 0.211, 0.034
69.680, -0.092, 0.211, 0.034
69.697, -0.092, 0.211, 0.034
69.713, -0.092, 0.211, 0.034
69.729, -0.092, 0.211, 0.034
69.746, -0.092, 0.211, 0.034
69.763, -0.092, 0.211, 0.034
69.780, -0.092, 0.211, 0.034
69.797, -0.092, 0.211, 0.034
69.813, -0.092, 0.211, 0.034
69.830, -0.092, 0.211, 0.034
69.846, -0.092, 0.211, 0.034
69.863, -0.092, 0.211, 0.034
69.880, -0.092, 0.211, 0.034
69.896, -0.092, 0.211, 0.034
69.913, -0.092, 0.211, 0.034
69.930, -0.092, 0.211, 0.034
69.946, -0.092, 0.211, 0.034
69.963, -0.092, 0.211, 0.034
69.980, -0.092, 0.211, 0.034
69.996, -0.092, 0.211, 0.034
70.013, -0.092, 0.211, 0.034
70.030, -0.092, 0.211, 0.034
70.046, -0.092, 0.211, 0.034
70.068, -0.092, 0.211, 0.034
70.080, -0.092, 0.211, 0.034
70.096, -0.092, 0.211, 0.034
70.113, -0.092, 0.211, 0.034
70.130, -0.092, 0.211, 0.034
70.146, -0.092, 0.211, 0.034
70.163, -0.092, 0.211, 0.034
70.180, -0.092, 0.211, 0.034
70.196, -0.092, 0.211, 0.034
70.213, -0.092, 0.211, 0.034
70.230, -0.092, 0.211, 0.034
70.246, -0.092, 0.211, 0.033
70.263, -0.092, 0.211, 0.034
70.280, -0.092, 0.211, 0.034
70.296, -0.092, 0.211, 0.034
70.313, -0.092, 0.211, 0.034
70.330, -0.092, 0.211, 0.034
70.346, -0.092, 0.211, 0.034
70.363, -0.092, 0.211, 0.034
70.380, -0.092, 0.211, 0.034
70.396, -0.092, 0.211, 0.034
70.413, -0.092, 0.211, 0.034
70.430, -0.092, 0.211, 0.034
70.446, -0.092, 0.211, 0.034
70.463, -0.092, 0.211, 0.034
70.480, -0.092, 0.211, 0.034
70.496, -0.092, 0.211, 0.034
70.513, -0.092, 0.211, 0.034
70.530, -0.092, 0.211, 0.034
70.546, -0.092, 0.211, 0.034
70.563, -0.092, 0.211, 0.034
70.580, -0.092, 0.211, 0.034
70.596, -0.092, 0.211, 0.034
70.613, -0.092, 0.211, 0.034
70.630, -0.092, 0.211, 0.034
70.646, -0.092, 0.211, 0.034
70.663, -0.092, 0.211, 0.034
70.680, -0.092, 0.211, 0.034
70.696, -0.092, 0.211, 0.034
70.713, -0.092, 0.211, 0.034
70.730, -0.092, 0.211, 0.034
70.746, -0.092, 0.211, 0.034
70.763, -0.092, 0.211, 0.034
70.780, -0.092, 0.211, 0.034
70.796, -0.092, 0.211, 0.034
70.813, -0.092, 0.211, 0.034
70.830, -0.092, 0.211, 0.034
70.846, -0.092, 0.211, 0.034
70.863, -0.092, 0.211, 0.034
70.880, -0.092, 0.211, 0.034
70.896, -0.092, 0.211, 0.034
70.913, -0.092, 0.211, 0.034
70.930, -0.092, 0.211, 0.034
70.946, -0.092, 0.211, 0.034
70.963, -0.092, 0.211, 0.034
70.980, -0.092, 0.211, 0.034
70.996, -0.092, 0.211, 0.034
71.013, -0.092, 0.211, 0.034
71.030, -0.092, 0.211, 0.034
71.046, -0.092, 0.211, 0.034
71.063, -0.092, 0.211, 0.034
71.080, -0.092, 0.211, 0.034
71.096, -0.092, 0.211, 0.034
71.113, -0.092, 0.211, 0.034
71.130, -0.092, 0.211, 0.034
71.146, -0.092, 0.211, 0.034
71.163, -0.092, 0.211, 0.034
71.181, -0.092, 0.211, 0.034
71.196, -0.092, 0.211, 0.034
71.213, -0.092, 0.211, 0.034
71.230, -0.092, 0.211, 0.034
71.246, -0.092, 0.211, 0.034
71.263, -0.092, 0.211, 0.034
71.280, -0.092, 0.211, 0.034
71.297, -0.092, 0.211, 0.034
71.313, -0.092, 0.211, 0.034
71.330, -0.092, 0.211, 0.034
71.346, -0.092, 0.211, 0.034
71.363, -0.092, 0.211, 0.034
71.380, -0.092, 0.211, 0.034
71.396, -0.092, 0.211, 0.034
71.413, -0.092, 0.211, 0.034
71.430, -0.092, 0.211, 0.034
71.446, -0.092, 0.211, 0.034
71.463, -0.092, 0.211, 0.034
71.480, -0.092, 0.211, 0.034
71.496, -0.092, 0.211, 0.034
71.513, -0.092, 0.211, 0.034
71.530, -0.092, 0.211, 0.034
71.546, -0.092, 0.211, 0.034
71.563, -0.092, 0.211, 0.034
71.580, -0.092, 0.211, 0.034
71.596, -0.092, 0.211, 0.034
71.613, -0.092, 0.211, 0.034
71.630, -0.092, 0.211, 0.034
71.646, -0.092, 0.211, 0.033
71.663, -0.092, 0.211, 0.034
71.679, -0.092, 0.211, 0.034
71.696, -0.092, 0.211, 0.034
71.713, -0.092, 0.211, 0.034
71.729, -0.092, 0.211, 0.034
71.746, -0.092, 0.211, 0.034
71.763, -0.092, 0.211, 0.034
71.779, -0.092, 0.211, 0.034
71.796, -0.092, 0.211, 0.034
71.813, -0.092, 0.211, 0.034
71.830, -0.092, 0.211, 0.034
71.846, -0.092, 0.211, 0.034
71.863, -0.092, 0.211, 0.034
71.880, -0.092, 0.211, 0.034
71.896, -0.092, 0.211, 0.034
71.913, -0.092, 0.211, 0.034
71.930, -0.092, 0.211, 0.034
71.946, -0.092, 0.211, 0.034
71.963, -0.092, 0.211, 0.034
71.979, -0.092, 0.211, 0.034
71.996, -0.092, 0.211, 0.034
72.013, -0.092, 0.211, 0.034
72.029, -0.092, 0.211, 0.034
72.046, -0.092, 0.211, 0.034
72.063, -0.092, 0.211, 0.034
72.080, -0.092, 0.211, 0.034
72.096, -0.092, 0.211, 0.034
72.113, -0.092, 0.211, 0.034
72.130, -0.092, 0.211, 0.034
72.147, -0.092, 0.211, 0.034
72.163, -0.092, 0.211, 0.034
72.180, -0.092, 0.211, 0.034
72.197, -0.092, 0.211, 0.034
72.213, -0.092, 0.211, 0.034
72.230, -0.092, 0.211, 0.034
72.247, -0.092, 0.211, 0.034
72.263, -0.092, 0.211, 0.034
72.280, -0.092, 0.211, 0.034
72.297, -0.092, 0.211, 0.034
72.313, -0.092, 0.211, 0.034
72.330, -0.092, 0.211, 0.034
72.347, -0.092, 0.211, 0.034
72.363, -0.092, 0.211, 0.034
72.380, -0.092, 0.211, 0.034
72.396, -0.092, 0.211, 0.034
72.413, -0.092, 0.211, 0.034
72.430, -0.092, 0.211, 0.034
72.447, -0.092, 0.211, 0.034
72.463, -0.092, 0.211, 0.034
72.480, -0.092, 0.211, 0.034
72.496, -0.092, 0.211, 0.034
72.513, -0.092, 0.211, 0.034
72.530, -0.092, 0.211, 0.034
72.547, -0.092, 0.211, 0.034
72.563, -0.092, 0.211, 0.034
72.580, -0.092, 0.211, 0.034
72.597, -0.092, 0.211, 0.034
72.613, -0.092, 0.211, 0.034
72.630, -0.092, 0.211, 0.034
72.647, -0.092, 0.211, 0.034
72.663, -0.092, 0.211, 0.034
72.680, -0.092, 0.211, 0.034
72.696, -0.092, 0.211, 0.034
72.713, -0.092, 0.211, 0.034
72.730, -0.092, 0.211, 0.034
72.747, -0.092, 0.211, 0.034
72.763, -0.092, 0.211, 0.034
72.780, -0.092, 0.211, 0.034
72.796, -0.092, 0.211, 0.034
72.813, -0.092, 0.211, 0.034
72.830, -0.092, 0.211, 0.034
72.847, -0.092, 0.211, 0.034
72.863, -0.092, 0.211, 0.034
72.880, -0.092, 0.211, 0.034
72.896, -0.092, 0.211, 0.034
72.913, -0.092, 0.211, 0.034
72.930, -0.092, 0.211, 0.034
72.946, -0.092, 0.211, 0.034
72.963, -0.092, 0.211, 0.034
72.980, -0.092, 0.211, 0.034
72.996, -0.092, 0.211, 0.034
73.013, -0.092, 0.211, 0.034
73.030, -0.092, 0.211, 0.034
73.046, -0.092, 0.211, 0.034
73.063, -0.092, 0.211, 0.034
73.080, -0.092, 0.211, 0.034
73.097, -0.092, 0.211, 0.034
73.113, -0.092, 0.211, 0.034
73.130, -0.092, 0.211, 0.034
73.146, -0.092, 0.211, 0.034
73.163, -0.092, 0.211, 0.034
73.179, -0.092, 0.211, 0.034
73.196, -0.092, 0.211, 0.034
73.213, -0.092, 0.211, 0.034
73.229, -0.092, 0.211, 0.034
73.246, -0.092, 0.211, 0.034
73.263, -0.092, 0.211, 0.034
73.280, -0.092, 0.211, 0.034
73.296, -0.092, 0.211, 0.034
73.313, -0.092, 0.211, 0.034
73.330, -0.092, 0.211, 0.034
73.346, -0.092, 0.211, 0.034
73.363, -0.092, 0.211, 0.034
73.381, -0.092, 0.211, 0.034
73.396, -0.092, 0.211, 0.034
73.413, -0.092, 0.211, 0.034
73.433, -0.092, 0.211, 0.034
73.446, -0.092, 0.211, 0.034
73.463, -0.092, 0.211, 0.034
73.480, -0.092, 0.211, 0.034
73.497, -0.092, 0.211, 0.034
73.513, -0.092, 0.211, 0.034
73.530, -0.092, 0.211, 0.034
73.547, -0.092, 0.211, 0.034
73.563, -0.092, 0.211, 0.034
73.580, -0.092, 0.211, 0.034
73.596, -0.092, 0.211, 0.034
73.613, -0.092, 0.211, 0.034
73.630, -0.092, 0.211, 0.034
73.646, -0.092, 0.211, 0.034
73.663, -0.092, 0.211, 0.034
73.680, -0.092, 0.211, 0.034
73.697, -0.092, 0.211, 0.034
73.713, -0.092, 0.211, 0.034
73.730, -0.092, 0.211, 0.034
73.747, -0.092, 0.211, 0.034
73.763, -0.092, 0.211, 0.034
73.780, -0.092, 0.211, 0.034
73.797, -0.092, 0.211, 0.034
73.813, -0.092, 0.211, 0.034
73.830, -0.092, 0.211, 0.034
73.847, -0.092, 0.211, 0.034
73.863, -0.092, 0.211, 0.034
73.880, -0.092, 0.211, 0.034
73.897, -0.092, 0.211, 0.034
73.913, -0.092, 0.211, 0.034
73.930, -0.092, 0.211, 0.034
73.947, -0.092, 0.211, 0.034
73.963, -0.092, 0.211, 0.034
73.980, -0.092, 0.211, 0.034
73.997, -0.092, 0.211, 0.034
74.013, -0.092, 0.211, 0.034
74.030, -0.092, 0.211, 0.034
74.047, -0.092, 0.211, 0.034
74.063, -0.092, 0.211, 0.034
74.080, -0.092, 0.211, 0.034
74.097, -0.092, 0.211, 0.034
74.113, -0.092, 0.211, 0.034
74.130, -0.092, 0.211, 0.034
74.147, -0.092, 0.211, 0.034
74.163, -0.092, 0.211, 0.034
74.180, -0.092, 0.211, 0.034
74.197, -0.092, 0.211, 0.034
74.213, -0.092, 0.211, 0.034
74.230, -0.092, 0.211, 0.034
74.247, -0.092, 0.211, 0.034
74.263, -0.092, 0.211, 0.034
74.280, -0.092, 0.211, 0.034
74.297, -0.092, 0.211, 0.034
74.313, -0.092, 0.211, 0.034
74.330, -0.092, 0.211, 0.034
74.347, -0.092, 0.211, 0.034
74.363, -0.092, 0.211, 0.034
74.380, -0.092, 0.211, 0.034
74.397, -0.092, 0.211, 0.034
74.413, -0.092, 0.211, 0.034
74.430, -0.092, 0.211, 0.034
74.446, -0.092, 0.211, 0.034
74.463, -0.092, 0.211, 0.034
74.480, -0.092, 0.211, 0.034
74.497, -0.092, 0.211, 0.034
74.513, -0.092, 0.211, 0.034
74.530, -0.092, 0.211, 0.034
74.547, -0.092, 0.211, 0.034
74.564, -0.092, 0.211, 0.034
74.580, -0.092, 0.211, 0.034
74.597, -0.092, 0.211, 0.034
74.613, -0.092, 0.211, 0.034
74.630, -0.092, 0.211, 0.034
74.647, -0.092, 0.211, 0.034
74.663, -0.092, 0.211, 0.034
74.680, -0.092, 0.211, 0.034
74.697, -0.092, 0.211, 0.034
74.713, -0.092, 0.211, 0.034
74.730, -0.092, 0.211, 0.034
74.747, -0.092, 0.211, 0.034
74.763, -0.092, 0.211, 0.034
74.780, -0.092, 0.211, 0.034
74.797, -0.092, 0.211, 0.034
74.814, -0.092, 0.211, 0.034
74.830, -0.092, 0.211, 0.034
74.847, -0.092, 0.211, 0.034
74.863, -0.092, 0.211, 0.034
74.880, -0.092, 0.211, 0.034
74.897, -0.092, 0.211, 0.034
74.914, -0.092, 0.211, 0.034
74.930, -0.092, 0.211, 0.034
74.947, -0.092, 0.211, 0.034
74.963, -0.092, 0.211, 0.034
74.980, -0.092, 0.211, 0.034
74.996, -0.092, 0.211, 0.034
75.013, -0.092, 0.211, 0.034
75.030, -0.092, 0.211, 0.034
75.047, -0.092, 0.211, 0.034
75.063, -0.092, 0.211, 0.034
75.080, -0.092, 0.211, 0.034
75.097, -0.092, 0.211, 0.034
75.113, -0.092, 0.211, 0.034
75.130, -0.092, 0.211, 0.034
75.147, -0.092, 0.211, 0.034
75.163, -0.092, 0.211, 0.034
75.180, -0.092, 0.211, 0.034
75.197, -0.092, 0.211, 0.034
75.213, -0.092, 0.211, 0.034
75.230, -0.092, 0.211, 0.034
75.246, -0.092, 0.211, 0.034
75.263, -0.092, 0.211, 0.034
75.279, -0.092, 0.211, 0.034
75.296, -0.092, 0.211, 0.034
75.313, -0.092, 0.211, 0.034
75.331, -0.092, 0.211, 0.034
75.346, -0.092, 0.211, 0.034
75.364, -0.092, 0.211, 0.034
75.380, -0.092, 0.211, 0.034
75.397, -0.092, 0.211, 0.034
75.413, -0.092, 0.211, 0.034
75.430, -0.092, 0.211, 0.034
75.446, -0.092, 0.211, 0.034
75.464, -0.092, 0.211, 0.034
75.480, -0.092, 0.211, 0.034
75.496, -0.092, 0.211, 0.034
75.513, -0.092, 0.211, 0.034
75.530, -0.092, 0.211, 0.034
75.546, -0.092, 0.211, 0.034
75.564, -0.092, 0.211, 0.034
75.580, -0.092, 0.211, 0.034
75.597, -0.092, 0.211, 0.034
75.613, -0.092, 0.211, 0.034
75.630, -0.092, 0.211, 0.034
75.646, -0.092, 0.211, 0.034
75.664, -0.092, 0.211, 0.034
75.680, -0.092, 0.211, 0.034
75.697, -0.092, 0.211, 0.034
75.714, -0.092, 0.211, 0.034
75.730, -0.092, 0.211, 0.034
75.746, -0.092, 0.211, 0.034
75.763, -0.092, 0.211, 0.034
75.779, -0.092, 0.211, 0.034
75.797, -0.092, 0.211, 0.034
75.814, -0.092, 0.211, 0.034
75.830, -0.092, 0.211, 0.034
75.847, -0.092, 0.211, 0.034
75.863, -0.092, 0.211, 0.034
75.880, -0.092, 0.211, 0.034
75.896, -0.092, 0.211, 0.034
75.913, -0.092, 0.211, 0.034
75.930, -0.092, 0.211, 0.034
75.946, -0.092, 0.211, 0.034
75.963, -0.092, 0.211, 0.034
75.980, -0.092, 0.211, 0.034
75.996, -0.092, 0.211, 0.034
76.013, -0.092, 0.211, 0.034
76.029, -0.092, 0.211, 0.034
76.046, -0.092, 0.211, 0.034
76.063, -0.092, 0.211, 0.034
76.080, -0.092, 0.211, 0.034
76.096, -0.092, 0.211, 0.034
76.113, -0.092, 0.211, 0.034
76.130, -0.092, 0.211, 0.034
76.146, -0.092, 0.211, 0.034
76.163, -0.092, 0.211, 0.034
76.180, -0.092, 0.211, 0.034
76.196, -0.092, 0.211, 0.034
76.213, -0.092, 0.211, 0.034
76.229, -0.092, 0.211, 0.034
76.246, -0.092, 0.211, 0.034
76.263, -0.092, 0.211, 0.034
76.279, -0.092, 0.211, 0.034
76.296, -0.092, 0.211, 0.034
76.313, -0.092, 0.211, 0.034
76.329, -0.092, 0.211, 0.034
76.346, -0.092, 0.211, 0.034
76.363, -0.092, 0.211, 0.034
76.379, -0.092, 0.211, 0.034
76.396, -0.092, 0.211, 0.034
76.413, -0.092, 0.211, 0.034
76.430, -0.092, 0.211, 0.034
76.446, -0.092, 0.211, 0.034
76.463, -0.092, 0.211, 0.034
76.480, -0.092, 0.211, 0.034
76.496, -0.092, 0.211, 0.034
76.513, -0.092, 0.211, 0.034
76.530, -0.092, 0.211, 0.034
76.546, -0.092, 0.211, 0.034
76.563, -0.092, 0.211, 0.034
76.580, -0.092, 0.211, 0.034
76.596, -0.092, 0.211, 0.034
76.613, -0.092, 0.211, 0.034
76.630, -0.092, 0.211, 0.034
76.646, -0.092, 0.211, 0.034
76.663, -0.092, 0.211, 0.034
76.680, -0.092, 0.211, 0.034
76.696, -0.092, 0.211, 0.034
76.713, -0.092, 0.211, 0.034
76.730, -0.092, 0.211, 0.034
76.746, -0.092, 0.211, 0.034
76.763, -0.092, 0.211, 0.034
76.780, -0.092, 0.211, 0.034
76.796, -0.092, 0.211, 0.034
76.813, -0.092, 0.211, 0.034
76.829, -0.092, 0.211, 0.034
76.846, -0.092, 0.211, 0.034
76.863, -0.092, 0.211, 0.034
76.880, -0.092, 0.211, 0.034
76.896, -0.092, 0.211, 0.034
76.913, -0.092, 0.211, 0.034
76.929, -0.092, 0.211, 0.034
76.946, -0.092, 0.211, 0.034
76.963, -0.092, 0.211, 0.034
76.980, -0.092, 0.211, 0.034
76.996, -0.092, 0.211, 0.034
77.013, -0.092, 0.211, 0.034
77.030, -0.092, 0.211, 0.034
77.046, -0.092, 0.211, 0.034
77.063, -0.092, 0.211, 0.034
77.080, -0.092, 0.211, 0.034
77.096, -0.092, 0.211, 0.034
77.113, -0.092, 0.211, 0.034
77.130, -0.092, 0.211, 0.034
77.146, -0.092, 0.211, 0.034
77.163, -0.092, 0.211, 0.034
77.180, -0.092, 0.211, 0.034
77.196, -0.092, 0.211, 0.034
77.213, -0.092, 0.211, 0.034
77.229, -0.092, 0.211, 0.034
77.246, -0.092, 0.211, 0.034
77.263, -0.092, 0.211, 0.034
77.280, -0.092, 0.211, 0.034
77.297, -0.092, 0.211, 0.034
77.313, -0.092, 0.211, 0.034
77.330, -0.092, 0.211, 0.034
77.346, -0.092, 0.211, 0.034
77.363, -0.092, 0.211, 0.034
77.380, -0.092, 0.211, 0.034
77.396, -0.092, 0.211, 0.034
77.413, -0.092, 0.211, 0.034
77.429, -0.092, 0.211, 0.034
77.446, -0.092, 0.211, 0.034
77.463, -0.092, 0.211, 0.034
77.479, -0.092, 0.211, 0.034
77.496, -0.092, 0.211, 0.034
77.513, -0.092, 0.211, 0.034
77.530, -0.092, 0.211, 0.034
77.546, -0.092, 0.211, 0.034
77.563, -0.092, 0.211, 0.034
77.579, -0.092, 0.211, 0.034
77.596, -0.092, 0.211, 0.034
77.613, -0.092, 0.211, 0.034
77.629, -0.092, 0.211, 0.034
77.646, -0.092, 0.211, 0.034
77.664, -0.092, 0.211, 0.034
77.680, -0.092, 0.211, 0.034
77.696, -0.092, 0.211, 0.034
77.713, -0.092, 0.211, 0.034
77.729, -0.092, 0.211, 0.034
77.746, -0.092, 0.211, 0.034
77.763, -0.092, 0.211, 0.034
77.780, -0.092, 0.211, 0.034
77.796, -0.092, 0.211, 0.034
77.813, -0.092, 0.211, 0.034
77.830, -0.092, 0.211, 0.034
77.846, -0.092, 0.211, 0.034
77.863, -0.092, 0.211, 0.034
77.880, -0.092, 0.211, 0.034
77.896, -0.092, 0.211, 0.034
77.913, -0.092, 0.211, 0.034
77.930, -0.092, 0.211, 0.034
77.946, -0.092, 0.211, 0.034
77.963, -0.092, 0.211, 0.034
77.979, -0.092, 0.211, 0.034
77.996, -0.092, 0.211, 0.034
78.013, -0.092, 0.211, 0.034
78.030, -0.092, 0.211, 0.034
78.046, -0.092, 0.211, 0.034
78.063, -0.092, 0.211, 0.034
78.079, -0.092, 0.211, 0.034
78.096, -0.092, 0.211, 0.034
78.113, -0.092, 0.211, 0.034
78.129, -0.092, 0.211, 0.034
78.146, -0.092, 0.211, 0.034
78.163, -0.092, 0.211, 0.034
78.179, -0.092, 0.211, 0.034
78.196, -0.092, 0.211, 0.034
78.213, -0.092, 0.211, 0.034
78.229, -0.092, 0.211, 0.034
78.246, -0.092, 0.211, 0.034
78.263, -0.092, 0.211, 0.034
78.279, -0.092, 0.211, 0.034
78.296, -0.092, 0.211, 0.034
78.313, -0.092, 0.211, 0.034
78.329, -0.092, 0.211, 0.034
78.346, -0.092, 0.211, 0.034
78.363, -0.092, 0.211, 0.034
78.379, -0.092, 0.211, 0.034
78.396, -0.092, 0.211, 0.034
78.413, -0.092, 0.211, 0.034
78.429, -0.092, 0.211, 0.034
78.446, -0.092, 0.211, 0.034
78.463, -0.092, 0.211, 0.034
78.480, -0.092, 0.211, 0.034
78.496, -0.092, 0.211, 0.034
78.513, -0.092, 0.211, 0.034
78.530, -0.092, 0.211, 0.034
78.546, -0.092, 0.211, 0.034
78.563, -0.092, 0.211, 0.034
78.580, -0.092, 0.211, 0.034
78.596, -0.092, 0.211, 0.034
78.613, -0.092, 0.211, 0.034
78.630, -0.092, 0.211, 0.034
78.646, -0.092, 0.211, 0.034
78.663, -0.092, 0.211, 0.034
78.680, -0.092, 0.211, 0.034
78.696, -0.092, 0.211, 0.034
78.713, -0.092, 0.211, 0.034
78.730, -0.092, 0.211, 0.034
78.746, -0.092, 0.211, 0.034
78.763, -0.092, 0.211, 0.034
78.780, -0.092, 0.211, 0.034
78.796, -0.092, 0.211, 0.034
78.813, -0.092, 0.211, 0.034
78.830, -0.092, 0.211, 0.034
78.846, -0.092, 0.211, 0.034
78.863, -0.092, 0.211, 0.034
78.880, -0.092, 0.211, 0.034
78.896, -0.092, 0.211, 0.034
78.913, -0.092, 0.211, 0.034
78.930, -0.092, 0.211, 0.034
78.946, -0.092, 0.211, 0.034
78.963, -0.092, 0.211, 0.034
78.980, -0.092, 0.211, 0.034
78.997, -0.092, 0.211, 0.034
79.013, -0.092, 0.211, 0.034
79.030, -0.092, 0.211, 0.034
79.046, -0.092, 0.211, 0.034
79.063, -0.092, 0.211, 0.034
79.080, -0.092, 0.211, 0.034
79.097, -0.092, 0.211, 0.034
79.113, -0.092, 0.211, 0.034
79.130, -0.092, 0.211, 0.034
79.146, -0.092, 0.211, 0.034
79.163, -0.092, 0.211, 0.034
79.180, -0.092, 0.211, 0.034
79.197, -0.092, 0.211, 0.034
79.213, -0.092, 0.211, 0.034
79.230, -0.092, 0.211, 0.034
79.246, -0.092, 0.211, 0.034
79.263, -0.092, 0.211, 0.034
79.280, -0.092, 0.211, 0.034
79.296, -0.092, 0.211, 0.034
79.313, -0.092, 0.211, 0.034
79.330, -0.092, 0.211, 0.034
79.346, -0.092, 0.211, 0.034
79.363, -0.092, 0.211, 0.034
79.380, -0.092, 0.211, 0.034
79.396, -0.092, 0.211, 0.034
79.413, -0.092, 0.211, 0.034
79.430, -0.092, 0.211, 0.034
79.446, -0.092, 0.211, 0.034
79.463, -0.092, 0.211, 0.034
79.480, -0.092, 0.211, 0.034
79.496, -0.092, 0.211, 0.034
79.513, -0.092, 0.211, 0.034
79.530, -0.092, 0.211, 0.034
79.546, -0.092, 0.211, 0.034
79.563, -0.092, 0.211, 0.034
79.580, -0.092, 0.211, 0.034
79.596, -0.092, 0.211, 0.034
79.613, -0.092, 0.211, 0.034
79.630, -0.092, 0.211, 0.034
79.646, -0.092, 0.211, 0.034
79.663, -0.092, 0.211, 0.034
79.680, -0.092, 0.211, 0.034
79.696, -0.092, 0.211, 0.034
79.713, -0.092, 0.211, 0.034
79.730, -0.092, 0.211, 0.034
79.746, -0.092, 0.211, 0.034
79.763, -0.092, 0.211, 0.034
79.780, -0.092, 0.211, 0.034
79.796, -0.092, 0.211, 0.034
79.813, -0.092, 0.211, 0.034
79.830, -0.092, 0.211, 0.034
79.846, -0.092, 0.211, 0.034
79.863, -0.092, 0.211, 0.034
79.880, -0.092, 0.211, 0.034
79.896, -0.092, 0.211, 0.034
79.913, -0.092, 0.211, 0.034
79.930, -0.092, 0.211, 0.034
79.946, -0.092, 0.211, 0.034
79.963, -0.092, 0.211, 0.034
79.980, -0.092, 0.211, 0.034
79.996, -0.092, 0.211, 0.034
80.013, -0.092, 0.211, 0.034
80.030, -0.092, 0.211, 0.034
80.046, -0.092, 0.211, 0.034
80.063, -0.092, 0.211, 0.034
80.079, -0.092, 0.211, 0.034
80.096, -0.092, 0.211, 0.034
80.113, -0.092, 0.211, 0.034
80.130, -0.092, 0.211, 0.034
80.146, -0.092, 0.211, 0.034
80.163, -0.092, 0.211, 0.034
80.180, -0.092, 0.211, 0.034
80.197, -0.092, 0.211, 0.034
80.213, -0.092, 0.211, 0.034
80.235, -0.092, 0.211, 0.034
80.246, -0.092, 0.211, 0.034
80.263, -0.092, 0.211, 0.034
80.280, -0.092, 0.211, 0.034
80.296, -0.092, 0.211, 0.034
80.313, -0.092, 0.211, 0.034
80.330, -0.092, 0.211, 0.034
80.346, -0.092, 0.211, 0.034
80.363, -0.092, 0.211, 0.034
80.380, -0.092, 0.211, 0.034
80.396, -0.092, 0.211, 0.034
80.413, -0.092, 0.211, 0.034
80.430, -0.092, 0.211, 0.034
80.446, -0.092, 0.211, 0.034
80.463, -0.092, 0.211, 0.034
80.479, -0.092, 0.211, 0.034
80.496, -0.092, 0.211, 0.034
80.513, -0.092, 0.211, 0.034
80.529, -0.092, 0.211, 0.034
80.546, -0.092, 0.211, 0.034
80.563, -0.092, 0.211, 0.034
80.580, -0.092, 0.211, 0.034
80.596, -0.092, 0.211, 0.034
80.613, -0.092, 0.211, 0.034
80.630, -0.092, 0.211, 0.034
80.647, -0.092, 0.211, 0.034
80.663, -0.092, 0.211, 0.034
80.679, -0.092, 0.211, 0.034
80.698, -0.092, 0.211, 0.034
80.713, -0.092, 0.211, 0.034
80.730, -0.092, 0.211, 0.034
80.746, -0.092, 0.211, 0.034
80.763, -0.092, 0.211, 0.034
80.780, -0.092, 0.211, 0.034
80.797, -0.092, 0.211, 0.034
80.813, -0.092, 0.211, 0.034
80.829, -0.092, 0.211, 0.034
80.846, -0.092, 0.211, 0.034
80.864, -0.092, 0.211, 0.034
80.879, -0.092, 0.211, 0.034
80.897, -0.092, 0.211, 0.034
80.913, -0.092, 0.211, 0.034
80.930, -0.092, 0.211, 0.034
80.946, -0.092, 0.211, 0.034
80.963, -0.092, 0.211, 0.034
80.979, -0.092, 0.211, 0.034
80.996, -0.092, 0.211, 0.034
81.013, -0.092, 0.211, 0.034
81.030, -0.092, 0.211, 0.034
81.046, -0.092, 0.211, 0.034
81.063, -0.092, 0.211, 0.034
81.079, -0.092, 0.211, 0.034
81.096, -0.092, 0.211, 0.034
81.113, -0.092, 0.211, 0.034
81.129, -0.092, 0.211, 0.034
81.146, -0.092, 0.211, 0.034
81.163, -0.092, 0.211, 0.034
81.179, -0.092, 0.211, 0.034
81.196, -0.092, 0.211, 0.034
81.213, -0.092, 0.211, 0.034
81.229, -0.092, 0.211, 0.034
81.246, -0.092, 0.211, 0.034
81.263, -0.092, 0.211, 0.034
81.279, -0.092, 0.211, 0.034
81.296, -0.092, 0.211, 0.034
81.313, -0.092, 0.211, 0.034
81.329, -0.092, 0.211, 0.034
81.346, -0.092, 0.211, 0.034
81.363, -0.092, 0.211, 0.034
81.379, -0.092, 0.211, 0.034
81.396, -0.092, 0.211, 0.034
81.413, -0.092, 0.211, 0.034
81.429, -0.092, 0.211, 0.034
81.446, -0.092, 0.211, 0.034
81.463, -0.092, 0.211, 0.034
81.479, -0.092, 0.211, 0.034
81.496, -0.092, 0.211, 0.034
81.513, -0.092, 0.211, 0.034
81.529, -0.092, 0.211, 0.034
81.546, -0.092, 0.211, 0.034
81.563, -0.092, 0.211, 0.034
81.579, -0.092, 0.211, 0.034
81.596, -0.092, 0.211, 0.034
81.613, -0.092, 0.211, 0.034
81.629, -0.092, 0.211, 0.034
81.646, -0.092, 0.211, 0.034
81.663, -0.092, 0.211, 0.034
81.679, -0.092, 0.211, 0.034
81.696, -0.092, 0.211, 0.034
81.713, -0.092, 0.211, 0.034
81.730, -0.092, 0.211, 0.034
81.746, -0.092, 0.211, 0.034
81.763, -0.092, 0.211, 0.034
81.779, -0.092, 0.211, 0.034
81.796, -0.092, 0.211, 0.034
81.813, -0.092, 0.211, 0.034
81.829, -0.092, 0.211, 0.034
81.846, -0.092, 0.211, 0.034
81.863, -0.092, 0.211, 0.034
81.879, -0.092, 0.211, 0.034
81.896, -0.092, 0.211, 0.034
81.913, -0.092, 0.211, 0.034
81.929, -0.092, 0.211, 0.034
81.946, -0.092, 0.211, 0.034
81.963, -0.092, 0.211, 0.034
81.980, -0.092, 0.211, 0.034
81.997, -0.092, 0.211, 0.034
82.013, -0.092, 0.211, 0.034
82.029, -0.092, 0.211, 0.034
82.046, -0.092, 0.211, 0.034
82.063, -0.092, 0.211, 0.034
82.079, -0.092, 0.211, 0.034
82.096, -0.092, 0.211, 0.034
82.113, -0.092, 0.211, 0.034
82.130, -0.092, 0.211, 0.034
82.146, -0.092, 0.211, 0.034
82.163, -0.092, 0.211, 0.034
82.179, -0.092, 0.211, 0.034
82.196, -0.092, 0.211, 0.034
82.213, -0.092, 0.211, 0.034
82.230, -0.092, 0.211, 0.034
82.246, -0.092, 0.211, 0.034
82.263, -0.092, 0.211, 0.034
82.280, -0.092, 0.211, 0.034
82.296, -0.092, 0.211, 0.034
82.313, -0.092, 0.211, 0.034
82.329, -0.092, 0.211, 0.034
82.346, -0.092, 0.211, 0.034
82.363, -0.092, 0.211, 0.034
82.379, -0.092, 0.211, 0.034
82.396, -0.092, 0.211, 0.034
82.413, -0.092, 0.211, 0.034
82.429, -0.092, 0.211, 0.034
82.446, -0.092, 0.211, 0.034
82.463, -0.092, 0.211, 0.034
82.479, -0.092, 0.211, 0.034
82.496, -0.092, 0.211, 0.034
82.513, -0.092, 0.211, 0.034
82.529, -0.092, 0.211, 0.034
82.546, -0.092, 0.211, 0.034
82.563, -0.092, 0.211, 0.034
82.579, -0.092, 0.211, 0.034
82.597, -0.092, 0.211, 0.034
82.613, -0.092, 0.211, 0.034
82.630, -0.092, 0.211, 0.034
82.646, -0.092, 0.211, 0.034
82.663, -0.092, 0.211, 0.034
82.679, -0.092, 0.211, 0.034
82.697, -0.092, 0.211, 0.034
82.713, -0.092, 0.211, 0.034
82.729, -0.092, 0.211, 0.034
82.746, -0.092, 0.211, 0.034
82.763, -0.092, 0.211, 0.034
82.779, -0.092, 0.211, 0.034
82.796, -0.092, 0.211, 0.034
82.813, -0.092, 0.211, 0.034
82.829, -0.092, 0.211, 0.034
82.846, -0.092, 0.211, 0.034
82.863, -0.092, 0.211, 0.034
82.879, -0.092, 0.211, 0.034
82.896, -0.092, 0.211, 0.034
82.913, -0.092, 0.211, 0.034
82.929, -0.092, 0.211, 0.034
82.946, -0.092, 0.211, 0.034
82.963, -0.092, 0.211, 0.034
82.979, -0.092, 0.211, 0.034
82.996, -0.092, 0.211, 0.034
83.013, -0.092, 0.211, 0.034
83.029, -0.092, 0.211, 0.034
83.046, -0.092, 0.211, 0.034
83.063, -0.092, 0.211, 0.034
83.079, -0.092, 0.211, 0.034
83.096, -0.092, 0.211, 0.034
83.113, -0.092, 0.211, 0.034
83.130, -0.092, 0.211, 0.034
83.146, -0.092, 0.211, 0.034
83.164, -0.092, 0.211, 0.034
83.179, -0.092, 0.211, 0.034
83.196, -0.092, 0.211, 0.034
83.213, -0.092, 0.211, 0.034
83.229, -0.092, 0.211, 0.034
83.246, -0.092, 0.211, 0.034
83.263, -0.092, 0.211, 0.034
83.279, -0.092, 0.211, 0.034
83.296, -0.092, 0.211, 0.034
83.313, -0.092, 0.211, 0.034
83.329, -0.092, 0.211, 0.034
83.346, -0.092, 0.211, 0.034
83.363, -0.092, 0.211, 0.034
83.379, -0.092, 0.211, 0.034
83.396, -0.092, 0.211, 0.034
83.413, -0.092, 0.211, 0.034
83.429, -0.092, 0.211, 0.034
83.446, -0.092, 0.211, 0.034
83.463, -0.092, 0.211, 0.034
83.479, -0.092, 0.211, 0.034
83.496, -0.092, 0.211, 0.034
83.513, -0.092, 0.211, 0.034
83.529, -0.092, 0.211, 0.034
83.546, -0.092, 0.211, 0.034
83.563, -0.092, 0.211, 0.034
83.579, -0.092, 0.211, 0.034
83.596, -0.092, 0.211, 0.034
83.613, -0.092, 0.211, 0.034
83.629, -0.092, 0.211, 0.034
83.646, -0.092, 0.211, 0.034
83.663, -0.092, 0.211, 0.034
83.679, -0.092, 0.211, 0.034
83.696, -0.092, 0.211, 0.034
83.713, -0.092, 0.211, 0.034
83.729, -0.092, 0.211, 0.034
83.746, -0.092, 0.211, 0.033
83.763, -0.092, 0.211, 0.034
83.779, -0.092, 0.211, 0.034
83.796, -0.092, 0.211, 0.034
83.813, -0.092, 0.211, 0.034
83.829, -0.092, 0.211, 0.034
83.846, -0.092, 0.211, 0.034
83.863, -0.092, 0.211, 0.034
83.879, -0.092, 0.211, 0.034
83.896, -0.092, 0.211, 0.034
83.913, -0.092, 0.211, 0.034
83.930, -0.092, 0.211, 0.034
83.946, -0.092, 0.211, 0.034
83.963, -0.092, 0.211, 0.034
83.979, -0.092, 0.211, 0.034
83.996, -0.092, 0.211, 0.034
84.013, -0.092, 0.211, 0.034
84.030, -0.092, 0.211, 0.034
84.046, -0.092, 0.211, 0.034
84.063, -0.092, 0.211, 0.034
84.079, -0.092, 0.211, 0.034
84.096, -0.092, 0.211, 0.034
84.113, -0.092, 0.211, 0.034
84.129, -0.092, 0.211, 0.034
84.146, -0.092, 0.211, 0.034
84.163, -0.092, 0.211, 0.034
84.179, -0.092, 0.211, 0.034
84.196, -0.092, 0.211, 0.034
84.213, -0.092, 0.211, 0.034
84.229, -0.092, 0.211, 0.034
84.246, -0.092, 0.211, 0.034
84.263, -0.092, 0.211, 0.034
84.279, -0.092, 0.211, 0.034
84.296, -0.092, 0.211, 0.034
84.313, -0.092, 0.211, 0.034
84.329, -0.092, 0.211, 0.034
84.346, -0.092, 0.211, 0.034
84.363, -0.092, 0.211, 0.034
84.379, -0.092, 0.211, 0.034
84.396, -0.092, 0.211, 0.034
84.413, -0.092, 0.211, 0.034
84.429, -0.092, 0.211, 0.034
84.446, -0.092, 0.211, 0.034
84.463, -0.092, 0.211, 0.034
84.479, -0.092, 0.211, 0.034
84.496, -0.092, 0.211, 0.034
84.513, -0.092, 0.211, 0.034
84.529, -0.092, 0.211, 0.034
84.548, -0.092, 0.211, 0.034
84.563, -0.092, 0.211, 0.034
84.579, -0.092, 0.211, 0.034
84.596, -0.092, 0.211, 0.034
84.613, -0.092, 0.211, 0.034
84.629, -0.092, 0.211, 0.034
84.646, -0.092, 0.211, 0.033
84.663, -0.092, 0.211, 0.034
84.679, -0.092, 0.211, 0.034
84.696, -0.092, 0.211, 0.034
84.713, -0.092, 0.211, 0.034
84.729, -0.092, 0.211, 0.034
84.746, -0.092, 0.211, 0.034
84.763, -0.092, 0.211, 0.034
84.779, -0.092, 0.211, 0.034
84.796, -0.092, 0.211, 0.034
84.813, -0.092, 0.211, 0.034
84.830, -0.092, 0.211, 0.034
84.846, -0.092, 0.211, 0.034
84.863, -0.092, 0.211, 0.034
84.880, -0.092, 0.211, 0.034
84.896, -0.092, 0.211, 0.034
84.913, -0.092, 0.211, 0.034
84.930, -0.092, 0.211, 0.034
84.946, -0.092, 0.211, 0.034
84.963, -0.092, 0.211, 0.034
84.980, -0.092, 0.211, 0.034
84.996, -0.092, 0.211, 0.034
85.013, -0.092, 0.211, 0.034
85.030, -0.092, 0.211, 0.034
85.046, -0.092, 0.211, 0.034
85.063, -0.092, 0.211, 0.034
85.080, -0.092, 0.211, 0.034
85.096, -0.092, 0.211, 0.034
85.113, -0.092, 0.211, 0.034
85.130, -0.092, 0.211, 0.034
85.146, -0.092, 0.211, 0.034
85.163, -0.092, 0.211, 0.034
85.181, -0.092, 0.211, 0.034
85.196, -0.092, 0.211, 0.034
85.213, -0.092, 0.211, 0.034
85.230, -0.092, 0.211, 0.034
85.246, -0.092, 0.211, 0.034
85.263, -0.092, 0.211, 0.034
85.280, -0.092, 0.211, 0.034
85.296, -0.092, 0.211, 0.034
85.313, -0.092, 0.211, 0.034
85.330, -0.092, 0.211, 0.034
85.346, -0.092, 0.211, 0.034
85.363, -0.092, 0.211, 0.034
85.380, -0.092, 0.211, 0.034
85.396, -0.092, 0.211, 0.034
85.413, -0.092, 0.211, 0.034
85.430, -0.092, 0.211, 0.034
85.446, -0.092, 0.211, 0.034
85.463, -0.092, 0.211, 0.034
85.480, -0.092, 0.211, 0.034
85.496, -0.092, 0.211, 0.034
85.513, -0.092, 0.211, 0.034
85.530, -0.092, 0.211, 0.034
85.546, -0.092, 0.211, 0.034
85.563, -0.092, 0.211, 0.034
85.580, -0.092, 0.211, 0.034
85.596, -0.092, 0.211, 0.034
85.613, -0.092, 0.211, 0.034
85.630, -0.092, 0.211, 0.034
85.646, -0.092, 0.211, 0.034
85.663, -0.092, 0.211, 0.034
85.680, -0.092, 0.211, 0.034
85.696, -0.092, 0.211, 0.034
85.713, -0.092, 0.211, 0.034
85.730, -0.092, 0.211, 0.034
85.746, -0.092, 0.211, 0.034
85.763, -0.092, 0.211, 0.034
85.780, -0.092, 0.211, 0.034
85.796, -0.092, 0.211, 0.034
85.813, -0.092, 0.211, 0.034
85.830, -0.092, 0.211, 0.034
85.846, -0.092, 0.211, 0.034
85.863, -0.092, 0.211, 0.034
85.880, -0.092, 0.211, 0.034
85.896, -0.092, 0.211, 0.034
85.913, -0.092, 0.211, 0.034
85.930, -0.092, 0.211, 0.034
85.946, -0.092, 0.211, 0.034
85.963, -0.092, 0.211, 0.034
85.980, -0.092, 0.211, 0.034
85.996, -0.092, 0.211, 0.034
86.013, -0.092, 0.211, 0.034
86.030, -0.092, 0.211, 0.034
86.047, -0.092, 0.211, 0.034
86.063, -0.092, 0.211, 0.034
86.080, -0.092, 0.211, 0.034
86.097, -0.092, 0.211, 0.034
86.113, -0.092, 0.211, 0.034
86.130, -0.092, 0.211, 0.034
86.147, -0.092, 0.211, 0.034
86.163, -0.092, 0.211, 0.034
86.180, -0.092, 0.211, 0.034
86.197, -0.092, 0.211, 0.034
86.213, -0.092, 0.211, 0.034
86.230, -0.092, 0.211, 0.034
86.247, -0.092, 0.211, 0.034
86.263, -0.092, 0.211, 0.034
86.280, -0.092, 0.211, 0.034
86.297, -0.092, 0.211, 0.034
86.313, -0.092, 0.211, 0.034
86.330, -0.092, 0.211, 0.034
86.347, -0.092, 0.211, 0.034
86.363, -0.092, 0.211, 0.034
86.380, -0.092, 0.211, 0.034
86.397, -0.092, 0.211, 0.034
86.413, -0.092, 0.211, 0.034
86.430, -0.092, 0.211, 0.034
86.447, -0.092, 0.211, 0.034
86.463, -0.092, 0.211, 0.034
86.480, -0.092, 0.211, 0.034
86.497, -0.092, 0.211, 0.034
86.513, -0.092, 0.211, 0.034
86.530, -0.092, 0.211, 0.034
86.547, -0.092, 0.211, 0.034
86.563, -0.092, 0.211, 0.034
86.580, -0.092, 0.211, 0.034
86.597, -0.092, 0.211, 0.034
86.613, -0.092, 0.211, 0.034
86.630, -0.092, 0.211, 0.034
86.646, -0.092, 0.211, 0.034
86.663, -0.092, 0.211, 0.034
86.680, -0.092, 0.211, 0.034
86.697, -0.092, 0.211, 0.034
86.713, -0.092, 0.211, 0.034
86.730, -0.092, 0.211, 0.034
86.746, -0.092, 0.211, 0.034
86.763, -0.092, 0.211, 0.034
86.780, -0.092, 0.211, 0.034
86.796, -0.092, 0.211, 0.034
86.813, -0.092, 0.211, 0.034
86.830, -0.092, 0.211, 0.034
86.846, -0.092, 0.211, 0.034
86.863, -0.092, 0.211, 0.034
86.880, -0.092, 0.211, 0.034
86.896, -0.092, 0.211, 0.034
86.913, -0.092, 0.211, 0.034
86.930, -0.092, 0.211, 0.034
86.947, -0.092, 0.211, 0.034
86.963, -0.092, 0.211, 0.034
86.980, -0.092, 0.211, 0.034
86.996, -0.092, 0.211, 0.034
87.013, -0.092, 0.211, 0.034
87.030, -0.092, 0.211, 0.034
87.046, -0.092, 0.211, 0.034
87.064, -0.092, 0.211, 0.034
87.080, -0.092, 0.211, 0.034
87.096, -0.092, 0.211, 0.034
87.113, -0.092, 0.211, 0.034
87.130, -0.092, 0.211, 0.034
87.146, -0.092, 0.211, 0.034
87.163, -0.092, 0.211, 0.034
87.180, -0.092, 0.211, 0.034
87.196, -0.092, 0.211, 0.034
87.213, -0.092, 0.211, 0.034
87.230, -0.092, 0.211, 0.034
87.247, -0.092, 0.211, 0.034
87.263, -0.092, 0.211, 0.034
87.280, -0.092, 0.211, 0.034
87.296, -0.092, 0.211, 0.034
87.313, -0.092, 0.211, 0.034
87.330, -0.092, 0.211, 0.034
87.347, -0.092, 0.211, 0.034
87.363, -0.092, 0.211, 0.034
87.380, -0.092, 0.211, 0.034
87.396, -0.092, 0.211, 0.034
87.413, -0.092, 0.211, 0.034
87.430, -0.092, 0.211, 0.034
87.446, -0.092, 0.211, 0.034
87.463, -0.092, 0.211, 0.034
87.480, -0.092, 0.211, 0.034
87.497, -0.092, 0.211, 0.034
87.513, -0.092, 0.211, 0.034
87.530, -0.092, 0.211, 0.034
87.547, -0.092, 0.211, 0.034
87.563, -0.092, 0.211, 0.034
87.580, -0.092, 0.211, 0.034
87.597, -0.092, 0.211, 0.034
87.613, -0.092, 0.211, 0.034
87.630, -0.092, 0.211, 0.034
87.647, -0.092, 0.211, 0.034
87.663, -0.092, 0.211, 0.034
87.680, -0.092, 0.211, 0.034
87.696, -0.092, 0.211, 0.034
87.714, -0.092, 0.211, 0.034
87.730, -0.092, 0.211, 0.034
87.747, -0.092, 0.211, 0.034
87.763, -0.092, 0.211, 0.034
87.780, -0.092, 0.211, 0.034
87.797, -0.092, 0.211, 0.034
87.814, -0.092, 0.211, 0.034
87.830, -0.092, 0.211, 0.034
87.847, -0.092, 0.211, 0.034
87.863, -0.092, 0.211, 0.034
87.880, -0.092, 0.211, 0.034
87.897, -0.092, 0.211, 0.034
87.913, -0.092, 0.211, 0.034
87.930, -0.092, 0.211, 0.034
87.947, -0.092, 0.211, 0.034
87.964, -0.092, 0.211, 0.034
87.980, -0.092, 0.211, 0.034
87.997, -0.092, 0.211, 0.034
88.013, -0.092, 0.211, 0.034
88.030, -0.092, 0.211, 0.034
88.047, -0.092, 0.211, 0.034
88.064, -0.092, 0.211, 0.034
88.080, -0.092, 0.211, 0.034
88.097, -0.092, 0.211, 0.034
88.113, -0.092, 0.211, 0.034
88.130, -0.092, 0.211, 0.034
88.147, -0.092, 0.211, 0.034
88.163, -0.092, 0.211, 0.034
88.180, -0.092, 0.211, 0.034
88.197, -0.092, 0.211, 0.034
88.213, -0.092, 0.211, 0.034
88.230, -0.092, 0.211, 0.034
88.247, -0.092, 0.211, 0.034
88.264, -0.092, 0.211, 0.034
88.280, -0.092, 0.211, 0.034
88.297, -0.092, 0.211, 0.034
88.313, -0.092, 0.211, 0.034
88.330, -0.092, 0.211, 0.034
88.347, -0.092, 0.211, 0.034
88.364, -0.092, 0.211, 0.034
88.380, -0.092, 0.211, 0.034
88.397, -0.092, 0.211, 0.034
88.413, -0.092, 0.211, 0.034
88.430, -0.092, 0.211, 0.034
88.447, -0.092, 0.211, 0.034
88.463, -0.092, 0.211, 0.034
88.480, -0.092, 0.211, 0.034
88.497, -0.092, 0.211, 0.034
88.513, -0.092, 0.211, 0.034
88.530, -0.092, 0.211, 0.034
88.547, -0.092, 0.211, 0.034
88.563, -0.092, 0.211, 0.034
88.580, -0.092, 0.211, 0.034
88.597, -0.092, 0.211, 0.034
88.613, -0.092, 0.211, 0.034
88.630, -0.092, 0.211, 0.034
88.647, -0.092, 0.211, 0.034
88.663, -0.092, 0.211, 0.034
88.680, -0.092, 0.211, 0.034
88.696, -0.092, 0.211, 0.034
88.713, -0.092, 0.211, 0.034
88.730, -0.092, 0.211, 0.034
88.747, -0.092, 0.211, 0.034
88.763, -0.092, 0.211, 0.034
88.780, -0.092, 0.211, 0.034
88.796, -0.092, 0.211, 0.034
88.813, -0.092, 0.211, 0.034
88.830, -0.092, 0.211, 0.034
88.847, -0.092, 0.211, 0.034
88.863, -0.092, 0.211, 0.034
88.880, -0.092, 0.211, 0.034
88.896, -0.092, 0.211, 0.034
88.913, -0.092, 0.211, 0.034
88.930, -0.092, 0.211, 0.034
88.947, -0.092, 0.211, 0.034
88.963, -0.092, 0.211, 0.034
88.980, -0.092, 0.211, 0.034
88.997, -0.092, 0.211, 0.034
89.013, -0.092, 0.211, 0.034
89.030, -0.092, 0.211, 0.034
89.047, -0.092, 0.211, 0.034
89.063, -0.092, 0.211, 0.034
89.080, -0.092, 0.211, 0.034
89.097, -0.092, 0.211, 0.034
89.113, -0.092, 0.211, 0.034
89.130, -0.092, 0.211, 0.034
89.147, -0.092, 0.211, 0.034
89.163, -0.092, 0.211, 0.034
89.180, -0.092, 0.211, 0.034
89.197, -0.092, 0.211, 0.034
89.213, -0.092, 0.211, 0.034
89.230, -0.092, 0.211, 0.034
89.246, -0.092, 0.211, 0.034
89.263, -0.092, 0.211, 0.034
89.280, -0.092, 0.211, 0.034
89.297, -0.092, 0.211, 0.034
89.313, -0.092, 0.211, 0.034
89.330, -0.092, 0.211, 0.034
89.347, -0.092, 0.211, 0.034
89.365, -0.092, 0.211, 0.034
89.380, -0.092, 0.211, 0.034
89.397, -0.092, 0.211, 0.034
89.413, -0.092, 0.211, 0.034
89.430, -0.092, 0.211, 0.034
89.446, -0.092, 0.211, 0.034
89.463, -0.092, 0.211, 0.034
89.480, -0.092, 0.211, 0.034
89.496, -0.092, 0.211, 0.034
89.513, -0.092, 0.211, 0.034
89.530, -0.092, 0.211, 0.034
89.546, -0.092, 0.211, 0.034
89.563, -0.092, 0.211, 0.034
89.579, -0.092, 0.211, 0.034
89.597, -0.092, 0.211, 0.034
89.613, -0.092, 0.211, 0.034
89.630, -0.092, 0.211, 0.034
89.646, -0.092, 0.211, 0.034
89.663, -0.092, 0.211, 0.034
89.680, -0.092, 0.211, 0.034
89.697, -0.092, 0.211, 0.034
89.713, -0.092, 0.211, 0.034
89.730, -0.092, 0.211, 0.034
89.746, -0.092, 0.211, 0.034
89.763, -0.092, 0.211, 0.034
89.780, -0.092, 0.211, 0.034
89.797, -0.092, 0.211, 0.034
89.813, -0.092, 0.211, 0.034
89.830, -0.092, 0.211, 0.034
89.846, -0.092, 0.211, 0.034
89.863, -0.092, 0.211, 0.034
89.880, -0.092, 0.211, 0.034
89.896, -0.092, 0.211, 0.034
89.913, -0.092, 0.211, 0.034
89.930, -0.092, 0.211, 0.034
89.946, -0.092, 0.211, 0.034
89.963, -0.092, 0.211, 0.034
89.980, -0.092, 0.211, 0.034
89.996, -0.092, 0.211, 0.034
90.013, -0.092, 0.211, 0.034
90.030, -0.092, 0.211, 0.034
90.046, -0.092, 0.211, 0.034
90.063, -0.092, 0.211, 0.034
90.080, -0.092, 0.211, 0.034
90.096, -0.092, 0.211, 0.034
90.113, -0.092, 0.211, 0.034
90.130, -0.092, 0.211, 0.034
90.146, -0.092, 0.211, 0.034
90.163, -0.092, 0.211, 0.034
90.180, -0.092, 0.211, 0.034
90.196, -0.092, 0.211, 0.034
90.213, -0.092, 0.211, 0.034
90.230, -0.092, 0.211, 0.034
90.246, -0.092, 0.211, 0.034
90.263, -0.092, 0.211, 0.034
90.280, -0.092, 0.211, 0.034
90.296, -0.092, 0.211, 0.034
90.313, -0.092, 0.211, 0.034
90.330, -0.092, 0.211, 0.034
90.346, -0.092, 0.211, 0.034
90.363, -0.092, 0.211, 0.034
90.380, -0.092, 0.211, 0.034
90.396, -0.092, 0.211, 0.034
90.413, -0.092, 0.211, 0.034
90.430, -0.092, 0.211, 0.034
90.446, -0.092, 0.211, 0.034
90.463, -0.092, 0.211, 0.034
90.480, -0.092, 0.211, 0.034
90.496, -0.092, 0.211, 0.034
90.513, -0.092, 0.211, 0.034
90.530, -0.092, 0.211, 0.034
90.546, -0.092, 0.211, 0.034
90.563, -0.092, 0.211, 0.034
90.580, -0.092, 0.211, 0.034
90.596, -0.092, 0.211, 0.034
90.613, -0.092, 0.211, 0.034
90.630, -0.092, 0.211, 0.034
90.646, -0.092, 0.211, 0.034
90.663, -0.092, 0.211, 0.034
90.679, -0.092, 0.211, 0.034
90.696, -0.092, 0.211, 0.034
90.713, -0.092, 0.211, 0.034
90.730, -0.092, 0.211, 0.034
90.746, -0.092, 0.211, 0.034
90.763, -0.092, 0.211, 0.034
90.780, -0.092, 0.211, 0.034
90.796, -0.092, 0.211, 0.034
90.813, -0.092, 0.211, 0.034
90.830, -0.092, 0.211, 0.034
90.846, -0.092, 0.211, 0.034
90.863, -0.092, 0.211, 0.034
90.880, -0.092, 0.211, 0.034
90.896, -0.092, 0.211, 0.034
90.913, -0.092, 0.211, 0.034
90.930, -0.092, 0.211, 0.034
90.946, -0.092, 0.211, 0.034
90.963, -0.092, 0.211, 0.034
90.980, -0.092, 0.211, 0.034
90.996, -0.092, 0.211, 0.034
91.013, -0.092, 0.211, 0.034
91.030, -0.092, 0.211, 0.034
91.046, -0.092, 0.211, 0.034
91.063, -0.092, 0.211, 0.034
91.079, -0.092, 0.211, 0.034
91.096, -0.092, 0.211, 0.034
91.113, -0.092, 0.211, 0.034
91.129, -0.092, 0.211, 0.034
91.146, -0.092, 0.211, 0.034
91.163, -0.092, 0.211, 0.034
91.179, -0.092, 0.211, 0.034
91.197, -0.092, 0.211, 0.034
91.213, -0.092, 0.211, 0.034
91.229, -0.092, 0.211, 0.034
91.246, -0.092, 0.211, 0.034
91.263, -0.092, 0.211, 0.034
91.279, -0.092, 0.211, 0.034
91.296, -0.092, 0.211, 0.034
91.313, -0.092, 0.211, 0.034
91.329, -0.092, 0.211, 0.034
91.346, -0.092, 0.211, 0.034
91.363, -0.092, 0.211, 0.034
91.379, -0.092, 0.211, 0.034
91.396, -0.092, 0.211, 0.034
91.413, -0.092, 0.211, 0.034
91.429, -0.092, 0.211, 0.034
91.446, -0.092, 0.211, 0.034
91.463, -0.092, 0.211, 0.034
91.479, -0.092, 0.211, 0.034
91.496, -0.092, 0.211, 0.034
91.513, -0.092, 0.211, 0.034
91.529, -0.092, 0.211, 0.034
91.548, -0.092, 0.211, 0.034
91.563, -0.092, 0.211, 0.034
91.579, -0.092, 0.211, 0.034
91.596, -0.092, 0.211, 0.034
91.613, -0.092, 0.211, 0.034
91.629, -0.092, 0.211, 0.034
91.646, -0.092, 0.211, 0.034
91.663, -0.092, 0.211, 0.034
91.679, -0.092, 0.211, 0.034
91.697, -0.092, 0.211, 0.034
91.713, -0.092, 0.211, 0.034
91.729, -0.092, 0.211, 0.034
91.746, -0.092, 0.211, 0.034
91.763, -0.092, 0.211, 0.034
91.779, -0.092, 0.211, 0.034
91.796, -0.092, 0.211, 0.034
91.813, -0.092, 0.211, 0.034
91.829, -0.092, 0.211, 0.034
91.846, -0.092, 0.211, 0.034
91.865, -0.092, 0.211, 0.034
91.879, -0.092, 0.211, 0.034
91.896, -0.092, 0.211, 0.034
91.913, -0.092, 0.211, 0.034
91.929, -0.092, 0.211, 0.034
91.946, -0.092, 0.211, 0.034
91.963, -0.092, 0.211, 0.034
91.979, -0.092, 0.211, 0.034
91.996, -0.092, 0.211, 0.034
92.013, -0.092, 0.211, 0.034
92.030, -0.092, 0.211, 0.034
92.046, -0.092, 0.211, 0.034
92.063, -0.092, 0.211, 0.034
92.079, -0.092, 0.211, 0.034
92.096, -0.092, 0.211, 0.034
92.113, -0.092, 0.211, 0.034
92.129, -0.092, 0.211, 0.034
92.146, -0.092, 0.211, 0.034
92.163, -0.092, 0.211, 0.034
92.179, -0.092, 0.211, 0.034
92.196, -0.092, 0.211, 0.034
92.213, -0.092, 0.211, 0.034
92.230, -0.092, 0.211, 0.034
92.247, -0.092, 0.211, 0.034
92.263, -0.092, 0.211, 0.034
92.280, -0.092, 0.211, 0.034
92.296, -0.092, 0.211, 0.034
92.313, -0.092, 0.211, 0.034
92.330, -0.092, 0.211, 0.034
92.347, -0.092, 0.211, 0.034
92.363, -0.092, 0.211, 0.034
92.380, -0.092, 0.211, 0.034
92.397, -0.092, 0.211, 0.034
92.413, -0.092, 0.211, 0.034
92.430, -0.092, 0.211, 0.034
92.446, -0.092, 0.211, 0.034
92.463, -0.092, 0.211, 0.034
92.480, -0.092, 0.211, 0.034
92.497, -0.092, 0.211, 0.034
92.513, -0.092, 0.211, 0.034
92.530, -0.092, 0.211, 0.034
92.547, -0.092, 0.211, 0.034
92.564, -0.092, 0.211, 0.034
92.580, -0.092, 0.211, 0.034
92.596, -0.092, 0.211, 0.034
92.613, -0.092, 0.211, 0.034
92.630, -0.092, 0.211, 0.034
92.647, -0.092, 0.211, 0.034
92.663, -0.092, 0.211, 0.034
92.680, -0.092, 0.211, 0.034
92.696, -0.092, 0.211, 0.034
92.713, -0.092, 0.211, 0.034
92.730, -0.092, 0.211, 0.034
92.747, -0.092, 0.211, 0.034
92.763, -0.092, 0.211, 0.034
92.780, -0.092, 0.211, 0.034
92.796, -0.092, 0.211, 0.034
92.813, -0.092, 0.211, 0.034
92.830, -0.092, 0.211, 0.034
92.847, -0.092, 0.211, 0.034
92.863, -0.092, 0.211, 0.034
92.880, -0.092, 0.211, 0.034
92.897, -0.092, 0.211, 0.034
92.913, -0.092, 0.211, 0.034
92.930, -0.092, 0.211, 0.034
92.947, -0.092, 0.211, 0.034
92.963, -0.092, 0.211, 0.034
92.980, -0.092, 0.211, 0.034
92.996, -0.092, 0.211, 0.034
93.013, -0.092, 0.211, 0.034
93.030, -0.092, 0.211, 0.034
93.047, -0.092, 0.211, 0.034
93.063, -0.092, 0.211, 0.034
93.080, -0.092, 0.211, 0.034
93.096, -0.092, 0.211, 0.034
93.113, -0.092, 0.211, 0.034
93.130, -0.092, 0.211, 0.034
93.147, -0.092, 0.211, 0.034
93.163, -0.092, 0.211, 0.034
93.180, -0.092, 0.211, 0.034
93.196, -0.092, 0.211, 0.034
93.213, -0.092, 0.211, 0.034
93.230, -0.092, 0.211, 0.034
93.247, -0.092, 0.211, 0.034
93.263, -0.092, 0.211, 0.034
93.280, -0.092, 0.211, 0.034
93.296, -0.092, 0.211, 0.034
93.313, -0.092, 0.211, 0.034
93.330, -0.092, 0.211, 0.034
93.347, -0.092, 0.211, 0.034
93.363, -0.092, 0.211, 0.034
93.380, -0.092, 0.211, 0.034
93.396, -0.092, 0.211, 0.034
93.413, -0.092, 0.211, 0.034
93.430, -0.092, 0.211, 0.034
93.447, -0.092, 0.211, 0.034
93.463, -0.092, 0.211, 0.034
93.480, -0.092, 0.211, 0.034
93.496, -0.092, 0.211, 0.034
93.513, -0.092, 0.211, 0.034
93.530, -0.092, 0.211, 0.034
93.547, -0.092, 0.211, 0.034
93.563, -0.092, 0.211, 0.034
93.580, -0.092, 0.211, 0.034
93.597, -0.092, 0.211, 0.034
93.614, -0.092, 0.211, 0.034
93.630, -0.092, 0.211, 0.034
93.647, -0.092, 0.211, 0.034
93.663, -0.092, 0.211, 0.034
93.680, -0.092, 0.211, 0.034
93.697, -0.092, 0.211, 0.034
93.713, -0.092, 0.211, 0.034
93.730, -0.092, 0.211, 0.034
93.747, -0.092, 0.211, 0.034
93.763, -0.092, 0.211, 0.034
93.780, -0.092, 0.211, 0.034
93.797, -0.092, 0.211, 0.034
93.813, -0.092, 0.211, 0.034
93.830, -0.092, 0.211, 0.034
93.847, -0.092, 0.211, 0.034
93.863, -0.092, 0.211, 0.034
93.880, -0.092, 0.211, 0.034
93.897, -0.092, 0.211, 0.034
93.913, -0.092, 0.211, 0.034
93.930, -0.092, 0.211, 0.034
93.947, -0.092, 0.211, 0.034
93.963, -0.092, 0.211, 0.034
93.980, -0.092, 0.211, 0.034
93.997, -0.092, 0.211, 0.034
94.013, -0.092, 0.211, 0.034
94.030, -0.092, 0.211, 0.034
94.046, -0.092, 0.211, 0.034
94.063, -0.092, 0.211, 0.034
94.080, -0.092, 0.211, 0.034
94.097, -0.092, 0.211, 0.034
94.113, -0.092, 0.211, 0.034
94.130, -0.092, 0.211, 0.034
94.146, -0.092, 0.211, 0.034
94.164, -0.092, 0.211, 0.034
94.180, -0.092, 0.211, 0.034
94.196, -0.092, 0.211, 0.034
94.214, -0.092, 0.211, 0.034
94.230, -0.092, 0.211, 0.034
94.246, -0.092, 0.211, 0.034
94.263, -0.092, 0.211, 0.034
94.280, -0.092, 0.211, 0.034
94.296, -0.092, 0.211, 0.034
94.313, -0.092, 0.211, 0.034
94.329, -0.092, 0.211, 0.034
94.346, -0.092, 0.211, 0.034
94.363, -0.092, 0.211, 0.034
94.380, -0.092, 0.211, 0.034
94.396, -0.092, 0.211, 0.034
94.413, -0.092, 0.211, 0.034
94.430, -0.092, 0.211, 0.034
94.446, -0.092, 0.211, 0.034
94.463, -0.092, 0.211, 0.034
94.480, -0.092, 0.211, 0.034
94.496, -0.092, 0.211, 0.034
94.513, -0.092, 0.211, 0.034
94.530, -0.092, 0.211, 0.034
94.546, -0.092, 0.211, 0.034
94.563, -0.092, 0.211, 0.034
94.579, -0.092, 0.211, 0.034
94.596, -0.092, 0.211, 0.034
94.613, -0.092, 0.211, 0.034
94.630, -0.092, 0.211, 0.034
94.646, -0.092, 0.211, 0.034
94.663, -0.092, 0.211, 0.034
94.681, -0.092, 0.211, 0.034
94.696, -0.092, 0.211, 0.034
94.713, -0.092, 0.211, 0.034
94.730, -0.092, 0.211, 0.034
94.746, -0.092, 0.211, 0.034
94.763, -0.092, 0.211, 0.034
94.780, -0.092, 0.211, 0.034
94.796, -0.092, 0.211, 0.034
94.813, -0.092, 0.211, 0.034
94.830, -0.092, 0.211, 0.034
94.847, -0.092, 0.211, 0.034
94.863, -0.092, 0.211, 0.034
94.880, -0.092, 0.211, 0.034
94.896, -0.092, 0.211, 0.034
94.913, -0.092, 0.211, 0.034
94.930, -0.092, 0.211, 0.034
94.946, -0.092, 0.211, 0.034
94.963, -0.092, 0.211, 0.034
94.980, -0.092, 0.211, 0.034
94.996, -0.092, 0.211, 0.034
95.013, -0.092, 0.211, 0.034
95.030, -0.092, 0.211, 0.034
95.046, -0.092, 0.211, 0.034
95.063, -0.092, 0.211, 0.034
95.080, -0.092, 0.211, 0.034
95.096, -0.092, 0.211, 0.034
95.113, -0.092, 0.211, 0.034
95.129, -0.092, 0.211, 0.034
95.146, -0.092, 0.211, 0.034
95.163, -0.092, 0.211, 0.034
95.180, -0.092, 0.211, 0.034
95.196, -0.092, 0.211, 0.034
95.213, -0.092, 0.211, 0.034
95.230, -0.092, 0.211, 0.034
95.246, -0.092, 0.211, 0.034
95.263, -0.092, 0.211, 0.034
95.280, -0.092, 0.211, 0.034
95.297, -0.092, 0.211, 0.034
95.313, -0.092, 0.211, 0.034
95.330, -0.092, 0.211, 0.034
95.346, -0.092, 0.211, 0.034
95.363, -0.092, 0.211, 0.034
95.380, -0.092, 0.211, 0.034
95.397, -0.092, 0.211, 0.034
95.413, -0.092, 0.211, 0.034
95.430, -0.092, 0.211, 0.034
95.447, -0.092, 0.211, 0.034
95.463, -0.092, 0.211, 0.034
95.480, -0.092, 0.211, 0.034
95.496, -0.092, 0.211, 0.034
95.513, -0.092, 0.211, 0.034
95.530, -0.092, 0.211, 0.034
95.547, -0.092, 0.211, 0.034
95.563, -0.092, 0.211, 0.034
95.580, -0.092, 0.211, 0.034
95.596, -0.092, 0.211, 0.034
95.613, -0.092, 0.211, 0.034
95.630, -0.092, 0.211, 0.034
95.647, -0.092, 0.211, 0.034
95.663, -0.092, 0.211, 0.034
95.680, -0.092, 0.211, 0.034
95.696, -0.092, 0.211, 0.034
95.713, -0.092, 0.211, 0.034
95.730, -0.092, 0.211, 0.034
95.746, -0.092, 0.211, 0.034
95.763, -0.092, 0.211, 0.034
95.780, -0.092, 0.211, 0.034
95.797, -0.092, 0.211, 0.034
95.813, -0.092, 0.211, 0.034
95.830, -0.092, 0.211, 0.034
95.846, -0.092, 0.211, 0.034
95.863, -0.092, 0.211, 0.034
95.879, -0.092, 0.211, 0.034
95.896, -0.092, 0.211, 0.034
95.913, -0.092, 0.211, 0.034
95.930, -0.092, 0.211, 0.034
95.946, -0.092, 0.211, 0.034
95.963, -0.092, 0.211, 0.034
95.979, -0.092, 0.211, 0.034
95.996, -0.092, 0.211, 0.034
96.013, -0.092, 0.211, 0.034
96.030, -0.092, 0.211, 0.034
96.046, -0.092, 0.211, 0.034
96.063, -0.092, 0.211, 0.034
96.080, -0.092, 0.211, 0.034
96.096, -0.092, 0.211, 0.034
96.113, -0.092, 0.211, 0.034
96.130, -0.092, 0.211, 0.034
96.146, -0.092, 0.211, 0.034
96.163, -0.092, 0.211, 0.034
96.179, -0.092, 0.211, 0.034
96.197, -0.092, 0.211, 0.034
96.213, -0.092, 0.211, 0.034
96.230, -0.092, 0.211, 0.034
96.246, -0.092, 0.211, 0.034
96.263, -0.092, 0.211, 0.034
96.280, -0.092, 0.211, 0.034
96.296, -0.092, 0.211, 0.034
96.313, -0.092, 0.211, 0.034
96.330, -0.092, 0.211, 0.034
96.346, -0.092, 0.211, 0.034
96.363, -0.092, 0.211, 0.034
96.380, -0.092, 0.211, 0.034
96.396, -0.092, 0.211, 0.034
96.413, -0.092, 0.211, 0.034
96.430, -0.092, 0.211, 0.034
96.446, -0.092, 0.211, 0.034
96.463, -0.092, 0.211, 0.034
96.479, -0.092, 0.211, 0.034
96.496, -0.092, 0.211, 0.034
96.513, -0.092, 0.211, 0.034
96.530, -0.092, 0.211, 0.034
96.546, -0.092, 0.211, 0.034
96.563, -0.092, 0.211, 0.034
96.579, -0.092, 0.211, 0.034
96.596, -0.092, 0.211, 0.034
96.613, -0.092, 0.211, 0.034
96.630, -0.092, 0.211, 0.034
96.646, -0.092, 0.211, 0.034
96.663, -0.092, 0.211, 0.034
96.679, -0.092, 0.211, 0.034
96.696, -0.092, 0.211, 0.034
96.713, -0.092, 0.211, 0.034
96.730, -0.092, 0.211, 0.034
96.746, -0.092, 0.211, 0.034
96.763, -0.092, 0.211, 0.034
96.780, -0.092, 0.211, 0.034
96.796, -0.092, 0.211, 0.034
96.813, -0.092, 0.211, 0.034
96.830, -0.092, 0.211, 0.034
96.846, -0.092, 0.211, 0.034
96.863, -0.092, 0.211, 0.034
96.881, -0.092, 0.211, 0.034
96.896, -0.092, 0.211, 0.034
96.913, -0.092, 0.211, 0.034
96.930, -0.092, 0.211, 0.034
96.946, -0.092, 0.211, 0.034
96.963, -0.092, 0.211, 0.034
96.980, -0.092, 0.211, 0.034
96.996, -0.092, 0.211, 0.034
97.013, -0.092, 0.211, 0.034
97.030, -0.092, 0.211, 0.034
97.046, -0.092, 0.211, 0.034
97.063, -0.092, 0.211, 0.034
97.080, -0.092, 0.211, 0.034
97.096, -0.092, 0.211, 0.034
97.113, -0.092, 0.211, 0.034
97.132, -0.092, 0.211, 0.034
97.146, -0.092, 0.211, 0.034
97.163, -0.092, 0.211, 0.034
97.180, -0.092, 0.211, 0.034
97.196, -0.092, 0.211, 0.034
97.213, -0.092, 0.211, 0.034
97.230, -0.092, 0.211, 0.034
97.247, -0.092, 0.211, 0.034
97.263, -0.092, 0.211, 0.034
97.280, -0.092, 0.211, 0.034
97.297, -0.092, 0.211, 0.034
97.313, -0.092, 0.211, 0.034
97.330, -0.092, 0.211, 0.034
97.347, -0.092, 0.211, 0.034
97.363, -0.092, 0.211, 0.034
97.380, -0.092, 0.211, 0.034
97.396, -0.092, 0.211, 0.034
97.413, -0.092, 0.211, 0.034
97.430, -0.092, 0.211, 0.034
97.447, -0.092, 0.211, 0.034
97.463, -0.092, 0.211, 0.034
97.480, -0.092, 0.211, 0.034
97.496, -0.092, 0.211, 0.034
97.513, -0.092, 0.211, 0.034
97.530, -0.092, 0.211, 0.034
97.546, -0.092, 0.211, 0.034
97.563, -0.092, 0.211, 0.034
97.580, -0.092, 0.211, 0.034
97.596, -0.092, 0.211, 0.034
97.613, -0.092, 0.211, 0.034
97.630, -0.092, 0.211, 0.034
97.646, -0.092, 0.211, 0.034
97.663, -0.092, 0.211, 0.034
97.680, -0.092, 0.211, 0.034
97.697, -0.092, 0.211, 0.034
97.713, -0.092, 0.211, 0.034
97.730, -0.092, 0.211, 0.034
97.746, -0.092, 0.211, 0.034
97.763, -0.092, 0.211, 0.034
97.780, -0.092, 0.211, 0.034
97.796, -0.092, 0.211, 0.034
97.813, -0.092, 0.211, 0.034
97.830, -0.092, 0.211, 0.034
97.846, -0.092, 0.211, 0.034
97.863, -0.092, 0.211, 0.034
97.880, -0.092, 0.211, 0.034
97.896, -0.092, 0.211, 0.034
97.913, -0.092, 0.211, 0.034
97.930, -0.092, 0.211, 0.034
