0.040, 0.000, 0.000, 0.000
0.057, 0.000, 0.000, 0.000
0.074, 0.000, 0.000, 0.000
0.090, 0.000, 0.000, 0.000
0.107, 0.000, 0.000, 0.000
0.124, 0.000, 0.000, 0.000
0.141, 0.000, 0.000, 0.000
0.157, 0.000, 0.000, 0.000
0.174, 0.000, 0.000, 0.000
0.191, 0.000, 0.000, 0.000
0.207, 0.000, 0.000, 0.000
0.224, 0.000, 0.000, 0.000
0.241, 0.000, 0.000, 0.000
0.257, 0.000, 0.000, 0.000
0.274, 0.000, 0.000, 0.000
0.290, 0.000, 0.000, 0.000
0.307, 0.000, 0.000, 0.000
0.324, 0.000, 0.000, 0.000
0.340, 0.000, 0.000, 0.000
0.357, 0.000, 0.000, 0.000
0.374, 0.000, 0.000, 0.000
0.390, 0.000, 0.000, 0.000
0.407, 0.000, 0.000, 0.000
0.424, 0.000, 0.000, 0.000
0.440, 0.000, 0.000, 0.000
0.457, -0.255, -0.245, 0.033
0.474, -0.255, -0.245, 0.033
0.491, -0.255, -0.245, 0.033
0.507, -0.255, -0.245, 0.033
0.524, -0.255, -0.245, 0.033
0.541, -0.255, -0.245, 0.033
0.557, -0.255, -0.245, 0.033
0.574, -0.255, -0.245, 0.033
0.591, -0.255, -0.245, 0.033
0.608, -0.255, -0.245, 0.033
0.624, -0.255, -0.245, 0.033
0.641, -0.255, -0.245, 0.033
0.658, -0.255, -0.245, 0.033
0.674, -0.255, -0.245, 0.033
0.691, -0.255, -0.245, 0.033
0.708, -0.255, -0.246, 0.034
0.724, -0.255, -0.245, 0.033
0.741, -0.255, -0.245, 0.033
0.758, -0.255, -0.246, 0.034
0.774, -0.255, -0.245, 0.033
0.792, -0.255, -0.246, 0.034
0.808, -0.255, -0.245, 0.033
0.824, -0.255, -0.245, 0.033
0.841, -0.255, -0.245, 0.033
0.857, -0.255, -0.245, 0.033
0.874, -0.255, -0.245, 0.033
0.891, -0.255, -0.245, 0.033
0.907, -0.255, -0.245, 0.033
0.924, -0.255, -0.246, 0.034
0.940, -0.255, -0.246, 0.034
0.957, -0.255, -0.245, 0.033
0.974, -0.255, -0.245, 0.033
0.991, -0.255, -0.245, 0.033
1.008, -0.255, -0.245, 0.033
1.024, -0.255, -0.245, 0.033
1.040, -0.255, -0.245, 0.033
1.057, -0.255, -0.245, 0.033
1.074, -0.255, -0.245, 0.033
1.090, -0.255, -0.245, 0.033
1.107, -0.255, -0.245, 0.033
1.124, -0.255, -0.245, 0.033
1.141, -0.255, -0.245, 0.033
1.157, -0.255, -0.245, 0.033
1.174, -0.255, -0.245, 0.034
1.191, -0.255, -0.245, 0.033
1.207, -0.255, -0.245, 0.033
1.224, -0.255, -0.245, 0.033
1.241, -0.255, -0.245, 0.033
1.257, -0.255, -0.245, 0.034
1.274, -0.255, -0.245, 0.033
1.291, -0.255, -0.245, 0.033
1.307, -0.255, -0.245, 0.033
1.324, -0.255, -0.245, 0.033
1.341, -0.255, -0.245, 0.033
1.357, -0.255, -0.245, 0.034
1.374, -0.255, -0.245, 0.033
1.390, -0.255, -0.245, 0.033
1.407, -0.255, -0.245, 0.033
1.424, -0.255, -0.245, 0.033
1.440, -0.255, -0.245, 0.034
1.457, -0.255, -0.245, 0.033
1.474, -0.255, -0.245, 0.033
1.491, -0.255, -0.245, 0.033
1.507, -0.255, -0.245, 0.033
1.524, -0.255, -0.245, 0.034
1.541, -0.255, -0.245, 0.034
1.557, -0.255, -0.245, 0.033
1.574, -0.255, -0.245, 0.033
1.591, -0.255, -0.245, 0.033
1.607, -0.255, -0.245, 0.033
1.624, -0.255, -0.245, 0.033
1.641, -0.255, -0.245, 0.034
1.657, -0.255, -0.245, 0.033
1.674, -0.255, -0.245, 0.034
1.690, -0.255, -0.245, 0.033
1.707, -0.255, -0.245, 0.033
1.724, -0.255, -0.245, 0.033
1.741, -0.255, -0.245, 0.033
1.758, -0.255, -0.245, 0.033
1.774, -0.255, -0.245, 0.033
1.791, -0.255, -0.245, 0.033
1.807, -0.255, -0.246, 0.034
1.824, -0.255, -0.245, 0.033
1.841, -0.255, -0.245, 0.033
1.857, -0.255, -0.245, 0.033
1.874, -0.255, -0.245, 0.033
1.891, -0.255, -0.245, 0.033
1.907, -0.255, -0.245, 0.034
1.924, -0.255, -0.245, 0.033
1.941, -0.255, -0.245, 0.033
1.957, -0.255, -0.245, 0.033
1.974, -0.255, -0.245, 0.033
1.991, -0.255, -0.245, 0.033
2.007, -0.255, -0.245, 0.033
2.024, -0.255, -0.245, 0.034
2.041, -0.255, -0.245, 0.033
2.057, -0.255, -0.245, 0.033
2.074, -0.255, -0.245, 0.033
2.091, -0.255, -0.245, 0.033
2.107, -0.255, -0.245, 0.033
2.124, -0.255, -0.245, 0.033
2.140, -0.255, -0.245, 0.033
2.158, -0.255, -0.245, 0.033
2.174, -0.255, -0.245, 0.033
2.190, -0.255, -0.245, 0.033
2.207, -0.255, -0.245, 0.033
2.224, -0.255, -0.245, 0.033
2.240, -0.255, -0.245, 0.033
2.257, -0.255, -0.245, 0.033
2.274, -0.255, -0.245, 0.033
2.290, -0.255, -0.245, 0.033
2.307, -0.255, -0.245, 0.033
2.324, -0.255, -0.245, 0.033
2.340, -0.255, -0.245, 0.033
2.358, -0.255, -0.245, 0.033
2.374, -0.255, -0.246, 0.034
2.390, -0.255, -0.245, 0.033
2.407, -0.255, -0.246, 0.034
2.424, -0.255, -0.245, 0.033
2.440, -0.255, -0.245, 0.033
2.457, -0.255, -0.245, 0.034
2.474, -0.255, -0.245, 0.033
2.490, -0.255, -0.245, 0.033
2.507, -0.255, -0.246, 0.034
2.524, -0.255, -0.245, 0.033
2.540, -0.255, -0.245, 0.033
2.557, -0.255, -0.245, 0.033
2.574, -0.255, -0.245, 0.033
2.590, -0.255, -0.246, 0.034
2.607, -0.255, -0.245, 0.033
2.624, -0.255, -0.245, 0.033
2.641, -0.255, -0.246, 0.034
2.657, -0.255, -0.245, 0.033
2.674, -0.255, -0.245, 0.033
2.690, -0.255, -0.246, 0.034
2.707, -0.255, -0.245, 0.033
2.724, -0.255, -0.246, 0.034
2.741, -0.255, -0.245, 0.033
2.757, -0.255, -0.245, 0.033
2.774, -0.255, -0.245, 0.033
2.790, -0.255, -0.245, 0.033
2.807, -0.255, -0.245, 0.033
2.824, -0.255, -0.245, 0.033
2.840, -0.255, -0.245, 0.033
2.857, -0.255, -0.245, 0.033
2.874, -0.255, -0.245, 0.033
2.890, -0.255, -0.245, 0.033
2.907, -0.255, -0.245, 0.033
2.924, -0.255, -0.246, 0.034
2.940, -0.255, -0.245, 0.033
2.957, -0.255, -0.246, 0.034
2.974, -0.255, -0.245, 0.033
2.991, -0.255, -0.245, 0.033
3.007, -0.255, -0.245, 0.034
3.024, -0.255, -0.245, 0.033
3.041, -0.255, -0.245, 0.033
3.057, -0.255, -0.246, 0.034
3.074, -0.255, -0.245, 0.033
3.091, -0.255, -0.245, 0.033
3.107, -0.255, -0.245, 0.033
3.124, -0.255, -0.245, 0.034
3.141, -0.255, -0.246, 0.034
3.157, -0.255, -0.245, 0.033
3.174, -0.255, -0.245, 0.033
3.191, -0.255, -0.246, 0.034
3.207, -0.255, -0.245, 0.033
3.224, -0.255, -0.246, 0.034
3.240, -0.255, -0.246, 0.034
3.258, -0.255, -0.245, 0.033
3.274, -0.255, -0.245, 0.033
3.291, -0.255, -0.245, 0.033
3.307, -0.255, -0.245, 0.033
3.324, -0.255, -0.245, 0.033
3.341, -0.255, -0.245, 0.033
3.357, -0.255, -0.245, 0.033
3.374, -0.255, -0.245, 0.033
3.391, -0.255, -0.245, 0.033
3.407, -0.255, -0.246, 0.034
3.424, -0.255, -0.245, 0.033
3.441, -0.255, -0.245, 0.034
3.457, -0.255, -0.245, 0.033
3.474, -0.255, -0.245, 0.033
3.490, -0.255, -0.245, 0.033
3.507, -0.255, -0.246, 0.034
3.524, -0.255, -0.245, 0.033
3.541, -0.255, -0.245, 0.033
3.557, -0.255, -0.245, 0.034
3.574, -0.255, -0.245, 0.033
3.591, -0.255, -0.245, 0.033
3.607, -0.255, -0.245, 0.034
3.624, -0.255, -0.245, 0.033
3.641, -0.255, -0.245, 0.033
3.657, -0.255, -0.245, 0.033
3.674, -0.255, -0.245, 0.033
3.691, -0.255, -0.245, 0.033
3.707, -0.255, -0.245, 0.033
3.724, -0.255, -0.245, 0.033
3.741, -0.255, -0.246, 0.034
3.757, -0.255, -0.245, 0.033
3.774, -0.255, -0.245, 0.033
3.791, -0.255, -0.246, 0.034
3.807, -0.255, -0.245, 0.033
3.824, -0.255, -0.245, 0.033
3.841, -0.255, -0.245, 0.034
3.857, -0.255, -0.245, 0.033
3.874, -0.255, -0.246, 0.034
3.891, -0.255, -0.246, 0.034
3.907, -0.255, -0.245, 0.033
3.924, -0.255, -0.245, 0.033
3.941, -0.255, -0.245, 0.033
3.957, -0.255, -0.245, 0.033
3.974, -0.255, -0.246, 0.034
3.991, -0.255, -0.245, 0.033
4.007, -0.255, -0.245, 0.033
4.024, -0.255, -0.245, 0.033
4.041, -0.255, -0.245, 0.033
4.057, -0.255, -0.245, 0.033
4.074, -0.255, -0.246, 0.034
4.091, -0.255, -0.245, 0.033
4.107, -0.255, -0.246, 0.034
4.124, -0.255, -0.245, 0.033
4.141, -0.255, -0.245, 0.033
4.157, -0.255, -0.246, 0.034
4.174, -0.255, -0.245, 0.033
4.191, -0.255, -0.245, 0.033
4.207, -0.255, -0.246, 0.034
4.224, -0.255, -0.245, 0.033
4.241, -0.255, -0.245, 0.033
4.257, -0.255, -0.245, 0.033
4.274, -0.255, -0.245, 0.033
4.291, -0.255, -0.246, 0.034
4.307, -0.255, -0.245, 0.033
4.324, -0.255, -0.245, 0.033
4.341, -0.255, -0.245, 0.033
4.357, -0.255, -0.245, 0.033
4.374, -0.255, -0.245, 0.033
4.391, -0.255, -0.245, 0.033
4.407, -0.255, -0.245, 0.033
4.424, -0.255, -0.245, 0.033
4.440, -0.255, -0.245, 0.033
4.457, -0.255, -0.245, 0.033
4.474, -0.255, -0.245, 0.033
4.491, -0.255, -0.245, 0.033
4.507, -0.255, -0.245, 0.033
4.524, -0.255, -0.245, 0.034
4.541, -0.255, -0.245, 0.033
4.557, -0.255, -0.245, 0.033
4.574, -0.255, -0.245, 0.033
4.591, -0.255, -0.245, 0.033
4.607, -0.255, -0.245, 0.033
4.624, -0.255, -0.245, 0.033
4.641, -0.255, -0.245, 0.033
4.657, -0.255, -0.245, 0.033
4.674, -0.255, -0.245, 0.033
4.690, -0.255, -0.245, 0.033
4.707, -0.255, -0.246, 0.034
4.724, -0.255, -0.245, 0.033
4.741, -0.255, -0.245, 0.033
4.757, -0.255, -0.246, 0.034
4.774, -0.255, -0.245, 0.033
4.791, -0.255, -0.245, 0.033
4.808, -0.255, -0.245, 0.034
4.825, -0.255, -0.245, 0.033
4.841, -0.255, -0.245, 0.034
4.857, -0.255, -0.245, 0.033
4.874, -0.255, -0.245, 0.033
4.891, -0.255, -0.245, 0.033
4.907, -0.255, -0.245, 0.033
4.924, -0.255, -0.245, 0.033
4.940, -0.255, -0.246, 0.034
4.957, -0.255, -0.245, 0.033
4.974, -0.255, -0.245, 0.033
4.990, -0.255, -0.245, 0.033
5.007, -0.255, -0.245, 0.033
5.024, -0.255, -0.245, 0.033
5.040, -0.255, -0.246, 0.034
5.057, -0.255, -0.245, 0.033
5.074, -0.255, -0.246, 0.034
5.090, -0.255, -0.245, 0.033
5.107, -0.255, -0.245, 0.033
5.124, -0.255, -0.245, 0.033
5.140, -0.255, -0.245, 0.033
5.157, -0.255, -0.245, 0.033
5.174, -0.255, -0.246, 0.034
5.190, -0.255, -0.245, 0.033
5.207, -0.255, -0.245, 0.033
5.224, -0.255, -0.245, 0.033
5.240, -0.255, -0.245, 0.033
5.257, -0.255, -0.245, 0.034
5.274, -0.255, -0.245, 0.033
5.290, -0.255, -0.245, 0.033
5.307, -0.255, -0.246, 0.034
5.324, -0.255, -0.245, 0.033
5.340, -0.255, -0.245, 0.033
5.357, -0.255, -0.245, 0.034
5.374, -0.255, -0.245, 0.034
5.391, -0.255, -0.245, 0.033
5.407, -0.255, -0.245, 0.033
5.424, -0.255, -0.245, 0.034
5.440, -0.255, -0.246, 0.034
5.457, -0.255, -0.245, 0.033
5.474, -0.255, -0.245, 0.033
5.490, -0.255, -0.245, 0.033
5.507, -0.255, -0.245, 0.033
5.524, -0.255, -0.245, 0.033
5.540, -0.255, -0.246, 0.034
5.557, -0.255, -0.245, 0.033
5.574, -0.255, -0.246, 0.034
5.591, -0.255, -0.245, 0.033
5.607, -0.255, -0.245, 0.033
5.624, -0.255, -0.245, 0.033
5.640, -0.255, -0.245, 0.033
5.657, -0.255, -0.245, 0.033
5.674, -0.255, -0.245, 0.033
5.690, -0.255, -0.245, 0.034
5.707, -0.255, -0.245, 0.033
5.724, -0.255, -0.245, 0.033
5.741, -0.255, -0.245, 0.033
5.757, -0.255, -0.245, 0.033
5.774, -0.255, -0.245, 0.034
5.790, -0.255, -0.245, 0.033
5.807, -0.255, -0.245, 0.033
5.824, -0.255, -0.245, 0.034
5.840, -0.255, -0.245, 0.034
5.857, -0.255, -0.246, 0.034
5.874, -0.255, -0.245, 0.033
5.891, -0.255, -0.245, 0.033
5.907, -0.255, -0.246, 0.034
5.924, -0.255, -0.245, 0.033
5.941, -0.255, -0.245, 0.033
5.957, -0.255, -0.245, 0.033
5.974, -0.255, -0.245, 0.033
5.990, -0.255, -0.245, 0.033
6.007, -0.255, -0.245, 0.033
6.024, -0.255, -0.245, 0.033
6.040, -0.255, -0.245, 0.033
6.057, -0.255, -0.245, 0.033
6.074, -0.255, -0.245, 0.033
6.090, -0.255, -0.245, 0.033
6.107, -0.255, -0.245, 0.033
6.124, -0.255, -0.246, 0.034
6.141, -0.255, -0.245, 0.033
6.157, -0.255, -0.245, 0.033
6.174, -0.255, -0.246, 0.034
6.191, -0.255, -0.246, 0.034
6.207, -0.255, -0.245, 0.033
6.224, -0.255, -0.246, 0.034
6.241, -0.255, -0.246, 0.033
6.258, -0.255, -0.245, 0.033
6.274, -0.255, -0.246, 0.034
6.291, -0.255, -0.245, 0.033
6.307, -0.255, -0.245, 0.033
6.324, -0.255, -0.246, 0.034
6.340, -0.255, -0.245, 0.033
6.357, -0.255, -0.245, 0.033
6.374, -0.255, -0.245, 0.034
6.390, -0.255, -0.245, 0.033
6.407, -0.255, -0.245, 0.033
6.424, -0.255, -0.245, 0.033
6.440, -0.255, -0.245, 0.033
6.457, -0.255, -0.246, 0.034
6.474, -0.255, -0.245, 0.033
6.490, -0.255, -0.245, 0.033
6.507, -0.255, -0.246, 0.034
6.524, -0.255, -0.245, 0.033
6.540, -0.255, -0.245, 0.033
6.557, -0.255, -0.246, 0.034
6.574, -0.255, -0.245, 0.033
6.590, -0.255, -0.246, 0.034
6.607, -0.255, -0.246, 0.033
6.624, -0.255, -0.245, 0.033
6.640, -0.255, -0.245, 0.034
6.657, -0.255, -0.245, 0.033
6.674, -0.255, -0.245, 0.033
6.691, -0.255, -0.246, 0.034
6.707, -0.255, -0.245, 0.033
6.724, -0.255, -0.246, 0.033
6.741, -0.255, -0.245, 0.033
6.757, -0.255, -0.245, 0.033
6.774, -0.255, -0.246, 0.034
6.790, -0.255, -0.245, 0.033
6.807, -0.255, -0.245, 0.033
6.824, -0.255, -0.245, 0.033
6.840, -0.255, -0.245, 0.033
6.857, -0.255, -0.245, 0.033
6.874, -0.255, -0.246, 0.034
6.890, -0.255, -0.245, 0.033
6.907, -0.255, -0.245, 0.033
6.924, -0.255, -0.245, 0.033
6.941, -0.255, -0.245, 0.033
6.957, -0.255, -0.245, 0.033
6.974, -0.255, -0.246, 0.034
6.990, -0.255, -0.245, 0.033
7.007, -0.255, -0.245, 0.034
7.024, -0.255, -0.245, 0.033
7.040, -0.255, -0.245, 0.033
7.057, -0.255, -0.245, 0.033
7.074, -0.255, -0.245, 0.033
7.090, -0.255, -0.245, 0.034
7.107, -0.255, -0.245, 0.033
7.124, -0.255, -0.245, 0.033
7.141, -0.255, -0.245, 0.033
7.157, -0.255, -0.245, 0.033
7.174, -0.255, -0.245, 0.033
7.191, -0.255, -0.245, 0.033
7.208, -0.255, -0.245, 0.033
7.224, -0.255, -0.245, 0.033
7.241, -0.255, -0.245, 0.033
7.257, -0.255, -0.245, 0.033
7.274, -0.255, -0.245, 0.033
7.291, -0.255, -0.245, 0.033
7.307, -0.255, -0.245, 0.033
7.324, -0.255, -0.245, 0.033
7.341, -0.255, -0.245, 0.033
7.357, -0.255, -0.245, 0.033
7.374, -0.255, -0.245, 0.033
7.390, -0.255, -0.245, 0.033
7.407, -0.255, -0.245, 0.033
7.424, -0.255, -0.245, 0.033
7.441, -0.255, -0.245, 0.033
7.457, -0.255, -0.245, 0.033
7.474, -0.255, -0.245, 0.033
7.490, -0.255, -0.246, 0.034
7.507, -0.255, -0.245, 0.033
7.524, -0.255, -0.245, 0.033
7.540, -0.255, -0.245, 0.033
7.557, -0.255, -0.246, 0.034
7.574, -0.255, -0.245, 0.033
7.591, -0.255, -0.245, 0.033
7.607, -0.255, -0.245, 0.033
7.625, -0.255, -0.245, 0.034
7.641, -0.255, -0.245, 0.033
7.657, -0.255, -0.246, 0.034
7.674, -0.255, -0.245, 0.033
7.691, -0.255, -0.245, 0.033
7.708, -0.255, -0.245, 0.033
7.724, -0.255, -0.245, 0.033
7.741, -0.255, -0.245, 0.033
7.757, -0.255, -0.245, 0.033
7.774, -0.255, -0.245, 0.033
7.790, -0.255, -0.245, 0.033
7.807, -0.255, -0.245, 0.033
7.824, -0.255, -0.245, 0.033
7.840, -0.255, -0.245, 0.033
7.857, -0.255, -0.245, 0.033
7.874, -0.255, -0.245, 0.033
7.891, -0.255, -0.245, 0.033
7.908, -0.255, -0.245, 0.033
7.924, -0.255, -0.245, 0.033
7.941, -0.255, -0.245, 0.033
7.957, -0.255, -0.245, 0.033
7.974, -0.255, -0.245, 0.034
7.991, -0.255, -0.245, 0.033
8.007, -0.255, -0.245, 0.033
8.024, -0.255, -0.246, 0.034
8.041, -0.255, -0.245, 0.033
8.057, -0.255, -0.245, 0.033
8.074, -0.255, -0.245, 0.033
8.091, -0.255, -0.245, 0.033
8.107, -0.255, -0.245, 0.033
8.124, -0.255, -0.245, 0.034
8.140, -0.255, -0.245, 0.033
8.157, -0.255, -0.246, 0.034
8.174, -0.255, -0.245, 0.033
8.191, -0.255, -0.245, 0.033
8.207, -0.255, -0.245, 0.033
8.224, -0.255, -0.245, 0.033
8.241, -0.255, -0.245, 0.033
8.257, -0.255, -0.246, 0.034
8.274, -0.255, -0.245, 0.033
8.291, -0.255, -0.245, 0.033
8.308, -0.255, -0.245, 0.033
8.324, -0.255, -0.246, 0.034
8.340, -0.255, -0.246, 0.034
8.357, -0.255, -0.245, 0.033
8.374, -0.255, -0.245, 0.033
8.390, -0.255, -0.245, 0.034
8.408, -0.255, -0.245, 0.033
8.424, -0.255, -0.245, 0.033
8.441, -0.255, -0.245, 0.033
8.457, -0.255, -0.245, 0.033
8.474, -0.255, -0.245, 0.033
8.491, -0.255, -0.245, 0.034
8.507, -0.255, -0.245, 0.033
8.524, -0.255, -0.246, 0.034
8.540, -0.255, -0.245, 0.034
8.557, -0.255, -0.245, 0.033
8.574, -0.255, -0.245, 0.034
8.591, -0.255, -0.245, 0.033
8.607, -0.255, -0.245, 0.033
8.624, -0.255, -0.245, 0.033
8.640, -0.255, -0.245, 0.033
8.657, -0.255, -0.245, 0.033
8.674, -0.255, -0.245, 0.034
8.691, -0.255, -0.245, 0.033
8.707, -0.255, -0.245, 0.033
8.724, -0.255, -0.245, 0.033
8.741, -0.255, -0.245, 0.033
8.757, -0.255, -0.245, 0.033
8.774, -0.255, -0.245, 0.033
8.790, -0.255, -0.245, 0.033
8.807, -0.255, -0.245, 0.033
8.824, -0.255, -0.245, 0.033
8.840, -0.255, -0.246, 0.034
8.858, -0.255, -0.245, 0.033
8.874, -0.255, -0.245, 0.033
8.891, -0.255, -0.245, 0.033
8.907, -0.255, -0.246, 0.034
8.924, -0.255, -0.245, 0.033
8.941, -0.255, -0.246, 0.034
8.957, -0.255, -0.245, 0.033
8.974, -0.255, -0.245, 0.033
8.991, -0.255, -0.245, 0.033
9.007, -0.255, -0.245, 0.033
9.024, -0.255, -0.245, 0.033
9.041, -0.255, -0.245, 0.033
9.057, -0.255, -0.245, 0.033
9.074, -0.255, -0.246, 0.033
9.090, -0.255, -0.245, 0.033
9.107, -0.255, -0.246, 0.034
9.124, -0.255, -0.246, 0.034
9.140, -0.255, -0.246, 0.034
9.157, -0.255, -0.246, 0.034
9.174, -0.255, -0.246, 0.034
9.190, -0.255, -0.246, 0.033
9.207, -0.255, -0.245, 0.033
9.224, -0.255, -0.246, 0.033
9.240, -0.255, -0.245, 0.033
9.257, -0.255, -0.245, 0.033
9.274, -0.255, -0.245, 0.033
9.291, -0.255, -0.245, 0.033
9.307, -0.255, -0.245, 0.033
9.324, -0.255, -0.245, 0.033
9.341, -0.255, -0.245, 0.033
9.357, -0.255, -0.245, 0.033
9.374, -0.255, -0.245, 0.033
9.391, -0.255, -0.245, 0.033
9.407, -0.255, -0.245, 0.033
9.424, -0.255, -0.245, 0.033
9.440, -0.255, -0.245, 0.033
9.457, -0.255, -0.245, 0.033
9.474, -0.255, -0.245, 0.033
9.491, -0.255, -0.245, 0.033
9.507, -0.255, -0.245, 0.033
9.524, -0.255, -0.245, 0.033
9.540, -0.255, -0.245, 0.033
9.557, -0.255, -0.245, 0.033
9.574, -0.255, -0.245, 0.033
9.590, -0.255, -0.245, 0.033
9.607, -0.255, -0.245, 0.033
9.624, -0.255, -0.245, 0.033
9.640, -0.255, -0.245, 0.033
9.657, -0.255, -0.245, 0.033
9.674, -0.255, -0.245, 0.033
9.690, -0.255, -0.245, 0.033
9.708, -0.255, -0.245, 0.033
9.724, -0.255, -0.245, 0.033
9.740, -0.255, -0.245, 0.033
9.757, -0.255, -0.245, 0.033
9.774, -0.255, -0.245, 0.033
9.790, -0.255, -0.245, 0.033
9.807, -0.255, -0.245, 0.033
9.824, -0.255, -0.245, 0.033
9.840, -0.255, -0.245, 0.033
9.857, -0.255, -0.245, 0.033
9.874, -0.255, -0.245, 0.033
9.890, -0.255, -0.245, 0.033
9.907, -0.255, -0.245, 0.033
9.924, -0.255, -0.245, 0.033
9.941, -0.255, -0.245, 0.033
9.957, -0.255, -0.245, 0.033
9.974, -0.255, -0.245, 0.033
9.990, -0.255, -0.245, 0.033
10.007, -0.255, -0.245, 0.033
10.024, -0.255, -0.245, 0.033
10.041, -0.255, -0.245, 0.033
10.057, -0.255, -0.245, 0.033
10.074, -0.255, -0.245, 0.033
10.090, -0.255, -0.245, 0.033
10.108, -0.255, -0.245, 0.033
10.124, -0.255, -0.245, 0.033
10.140, -0.255, -0.245, 0.033
10.157, -0.255, -0.245, 0.033
10.174, -0.255, -0.245, 0.033
10.190, -0.255, -0.245, 0.033
10.207, -0.255, -0.245, 0.033
10.224, -0.255, -0.245, 0.033
10.240, -0.255, -0.245, 0.033
10.257, -0.255, -0.245, 0.033
10.274, -0.255, -0.245, 0.033
10.290, -0.255, -0.245, 0.033
10.308, -0.255, -0.245, 0.033
10.325, -0.255, -0.245, 0.033
10.340, -0.255, -0.245, 0.033
10.357, -0.255, -0.245, 0.033
10.374, -0.255, -0.245, 0.033
10.390, -0.255, -0.245, 0.033
10.407, -0.255, -0.245, 0.033
10.424, -0.255, -0.245, 0.033
10.440, -0.255, -0.245, 0.033
10.457, -0.255, -0.245, 0.033
10.474, -0.255, -0.245, 0.033
10.490, -0.255, -0.245, 0.033
10.507, -0.255, -0.245, 0.033
10.524, -0.255, -0.245, 0.033
10.540, -0.255, -0.245, 0.033
10.557, -0.255, -0.245, 0.033
10.574, -0.255, -0.245, 0.033
10.590, -0.255, -0.245, 0.033
10.607, -0.255, -0.245, 0.033
10.624, -0.255, -0.245, 0.033
10.640, -0.255, -0.245, 0.033
10.657, -0.255, -0.245, 0.033
10.674, -0.274, -0.254, 0.015
10.691, -0.274, -0.254, 0.015
10.708, -0.274, -0.254, 0.015
10.724, -0.274, -0.254, 0.015
10.741, -0.274, -0.254, 0.015
10.757, -0.274, -0.254, 0.015
10.774, -0.274, -0.254, 0.015
10.790, -0.274, -0.254, 0.015
10.807, -0.274, -0.254, 0.015
10.824, -0.274, -0.254, 0.015
10.840, -0.274, -0.254, 0.015
10.857, -0.274, -0.254, 0.015
10.874, -0.274, -0.254, 0.015
10.891, -0.274, -0.254, 0.015
10.907, -0.274, -0.254, 0.015
10.924, -0.274, -0.254, 0.015
10.940, -0.274, -0.254, 0.015
10.957, -0.274, -0.254, 0.015
10.974, -0.274, -0.254, 0.015
10.990, -0.274, -0.254, 0.015
11.008, -0.278, -0.242, 0.035
11.024, -0.284, -0.241, 0.036
11.041, -0.290, -0.238, 0.035
11.057, -0.296, -0.237, 0.035
11.074, -0.302, -0.236, 0.035
11.091, -0.306, -0.236, 0.035
11.107, -0.317, -0.235, 0.035
11.124, -0.320, -0.235, 0.034
11.140, -0.320, -0.235, 0.034
11.157, -0.320, -0.235, 0.034
11.174, -0.348, -0.234, 0.034
11.191, -0.357, -0.233, 0.034
11.207, -0.357, -0.233, 0.034
11.224, -0.357, -0.233, 0.034
11.241, -0.384, -0.231, 0.035
11.257, -0.394, -0.230, 0.035
11.274, -0.409, -0.228, 0.036
11.290, -0.414, -0.227, 0.036
11.307, -0.424, -0.226, 0.035
11.324, -0.439, -0.224, 0.034
11.341, -0.443, -0.224, 0.033
11.357, -0.451, -0.223, 0.032
11.374, -0.461, -0.222, 0.031
11.391, -0.464, -0.222, 0.031
11.407, -0.469, -0.220, 0.031
11.424, -0.475, -0.219, 0.031
11.440, -0.475, -0.219, 0.031
11.457, -0.477, -0.217, 0.030
11.475, -0.478, -0.215, 0.030
11.490, -0.478, -0.215, 0.030
11.507, -0.477, -0.215, 0.030
11.524, -0.477, -0.215, 0.030
11.540, -0.477, -0.215, 0.030
11.557, -0.477, -0.215, 0.030
11.574, -0.477, -0.215, 0.030
11.591, -0.477, -0.215, 0.031
11.607, -0.477, -0.215, 0.030
11.624, -0.477, -0.215, 0.031
11.641, -0.477, -0.215, 0.031
11.657, -0.477, -0.215, 0.031
11.674, -0.477, -0.215, 0.031
11.691, -0.477, -0.215, 0.031
11.708, -0.477, -0.215, 0.031
11.724, -0.477, -0.215, 0.031
11.741, -0.477, -0.215, 0.031
11.757, -0.477, -0.215, 0.031
11.774, -0.477, -0.215, 0.031
11.791, -0.477, -0.215, 0.031
11.807, -0.477, -0.215, 0.031
11.824, -0.477, -0.215, 0.031
11.841, -0.477, -0.215, 0.031
11.857, -0.477, -0.215, 0.031
11.874, -0.477, -0.215, 0.031
11.891, -0.477, -0.215, 0.031
11.907, -0.477, -0.215, 0.031
11.924, -0.477, -0.215, 0.031
11.940, -0.477, -0.215, 0.031
11.957, -0.477, -0.215, 0.030
11.974, -0.477, -0.215, 0.030
11.991, -0.477, -0.215, 0.030
12.007, -0.477, -0.215, 0.030
12.024, -0.477, -0.215, 0.030
12.040, -0.477, -0.215, 0.030
12.057, -0.477, -0.215, 0.031
12.074, -0.478, -0.215, 0.031
12.090, -0.477, -0.215, 0.031
12.107, -0.477, -0.215, 0.030
12.124, -0.478, -0.215, 0.030
12.141, -0.478, -0.215, 0.030
12.157, -0.478, -0.216, 0.031
12.174, -0.477, -0.215, 0.030
12.191, -0.477, -0.215, 0.030
12.207, -0.478, -0.215, 0.031
12.224, -0.477, -0.215, 0.030
12.241, -0.477, -0.215, 0.030
12.257, -0.477, -0.215, 0.031
12.274, -0.477, -0.215, 0.030
12.291, -0.477, -0.215, 0.030
12.307, -0.477, -0.215, 0.030
12.324, -0.477, -0.215, 0.030
12.340, -0.477, -0.215, 0.030
12.357, -0.477, -0.215, 0.030
12.374, -0.477, -0.215, 0.030
12.391, -0.477, -0.215, 0.030
12.407, -0.477, -0.215, 0.030
12.424, -0.477, -0.215, 0.030
12.441, -0.477, -0.215, 0.030
12.457, -0.478, -0.215, 0.030
12.474, -0.478, -0.215, 0.030
12.490, -0.478, -0.215, 0.030
12.507, -0.478, -0.215, 0.030
12.524, -0.478, -0.215, 0.030
12.540, -0.478, -0.215, 0.030
12.557, -0.478, -0.215, 0.030
12.574, -0.478, -0.215, 0.031
12.590, -0.478, -0.215, 0.030
12.607, -0.478, -0.215, 0.030
12.624, -0.478, -0.215, 0.031
12.641, -0.478, -0.215, 0.030
12.657, -0.478, -0.215, 0.030
12.674, -0.478, -0.215, 0.031
12.691, -0.478, -0.215, 0.030
12.707, -0.478, -0.215, 0.031
12.724, -0.478, -0.215, 0.030
12.741, -0.478, -0.215, 0.030
12.757, -0.478, -0.215, 0.030
12.774, -0.478, -0.215, 0.030
12.791, -0.478, -0.215, 0.030
12.808, -0.478, -0.215, 0.030
12.824, -0.478, -0.215, 0.030
12.841, -0.478, -0.215, 0.031
12.857, -0.478, -0.215, 0.030
12.874, -0.478, -0.215, 0.030
12.890, -0.478, -0.215, 0.030
12.907, -0.478, -0.215, 0.030
12.924, -0.478, -0.215, 0.030
12.941, -0.478, -0.215, 0.030
12.957, -0.478, -0.215, 0.030
12.974, -0.478, -0.215, 0.030
12.991, -0.478, -0.215, 0.031
13.008, -0.478, -0.215, 0.030
13.024, -0.478, -0.215, 0.030
13.040, -0.478, -0.215, 0.030
13.057, -0.478, -0.215, 0.030
13.074, -0.478, -0.215, 0.030
13.091, -0.478, -0.215, 0.030
13.107, -0.478, -0.215, 0.030
13.124, -0.478, -0.215, 0.031
13.141, -0.478, -0.215, 0.030
13.157, -0.478, -0.215, 0.030
13.174, -0.478, -0.215, 0.030
13.190, -0.478, -0.215, 0.030
13.207, -0.478, -0.215, 0.030
13.224, -0.478, -0.215, 0.031
13.241, -0.478, -0.215, 0.030
13.257, -0.478, -0.215, 0.030
13.274, -0.478, -0.215, 0.030
13.291, -0.478, -0.215, 0.030
13.308, -0.478, -0.215, 0.031
13.324, -0.478, -0.215, 0.030
13.341, -0.478, -0.215, 0.030
13.357, -0.478, -0.215, 0.031
13.374, -0.478, -0.215, 0.030
13.390, -0.478, -0.215, 0.030
13.407, -0.478, -0.215, 0.031
13.424, -0.478, -0.215, 0.030
13.440, -0.478, -0.215, 0.030
13.457, -0.478, -0.215, 0.030
13.474, -0.478, -0.215, 0.030
13.490, -0.478, -0.215, 0.030
13.507, -0.478, -0.215, 0.030
13.524, -0.478, -0.215, 0.030
13.540, -0.478, -0.215, 0.030
13.557, -0.478, -0.215, 0.030
13.574, -0.478, -0.215, 0.030
13.590, -0.478, -0.215, 0.030
13.607, -0.478, -0.215, 0.030
13.624, -0.478, -0.215, 0.030
13.640, -0.478, -0.215, 0.030
13.657, -0.478, -0.215, 0.030
13.674, -0.478, -0.215, 0.030
13.690, -0.478, -0.215, 0.031
13.707, -0.478, -0.215, 0.030
13.724, -0.478, -0.215, 0.031
13.740, -0.478, -0.215, 0.030
13.757, -0.478, -0.215, 0.030
13.774, -0.478, -0.215, 0.031
13.790, -0.478, -0.215, 0.030
13.807, -0.478, -0.215, 0.031
13.825, -0.478, -0.215, 0.030
13.840, -0.478, -0.215, 0.031
13.857, -0.478, -0.215, 0.031
13.874, -0.478, -0.215, 0.030
13.891, -0.478, -0.215, 0.030
13.907, -0.478, -0.215, 0.030
13.924, -0.478, -0.215, 0.030
13.941, -0.478, -0.215, 0.030
13.957, -0.478, -0.215, 0.031
13.974, -0.478, -0.215, 0.030
13.991, -0.478, -0.215, 0.030
14.007, -0.478, -0.215, 0.031
14.024, -0.478, -0.215, 0.030
14.041, -0.478, -0.215, 0.030
14.057, -0.478, -0.215, 0.030
14.074, -0.478, -0.215, 0.030
14.091, -0.478, -0.215, 0.031
14.108, -0.478, -0.215, 0.030
14.125, -0.478, -0.215, 0.031
14.141, -0.478, -0.215, 0.030
14.157, -0.478, -0.215, 0.030
14.174, -0.478, -0.215, 0.030
14.191, -0.478, -0.215, 0.030
14.207, -0.478, -0.215, 0.030
14.224, -0.478, -0.215, 0.030
14.241, -0.478, -0.215, 0.031
14.258, -0.478, -0.215, 0.030
14.275, -0.478, -0.215, 0.031
14.291, -0.478, -0.215, 0.030
14.308, -0.478, -0.215, 0.030
14.324, -0.478, -0.215, 0.031
14.341, -0.478, -0.215, 0.030
14.358, -0.478, -0.215, 0.030
14.374, -0.478, -0.215, 0.030
14.391, -0.478, -0.215, 0.030
14.407, -0.478, -0.215, 0.030
14.424, -0.478, -0.215, 0.031
14.441, -0.478, -0.215, 0.031
14.457, -0.478, -0.215, 0.031
14.474, -0.478, -0.215, 0.030
14.491, -0.478, -0.215, 0.030
14.507, -0.478, -0.215, 0.030
14.524, -0.478, -0.215, 0.030
14.542, -0.478, -0.215, 0.030
14.557, -0.478, -0.215, 0.030
14.574, -0.478, -0.215, 0.030
14.591, -0.478, -0.215, 0.030
14.607, -0.478, -0.215, 0.030
14.624, -0.478, -0.215, 0.030
14.641, -0.478, -0.215, 0.030
14.658, -0.478, -0.215, 0.030
14.674, -0.478, -0.215, 0.030
14.691, -0.478, -0.215, 0.030
14.708, -0.478, -0.215, 0.030
14.724, -0.478, -0.215, 0.030
14.741, -0.478, -0.215, 0.030
14.758, -0.478, -0.215, 0.030
14.774, -0.478, -0.215, 0.030
14.791, -0.478, -0.215, 0.030
14.807, -0.478, -0.215, 0.030
14.824, -0.478, -0.215, 0.031
14.841, -0.478, -0.215, 0.030
14.858, -0.478, -0.215, 0.030
14.874, -0.478, -0.215, 0.031
14.891, -0.478, -0.215, 0.031
14.908, -0.478, -0.215, 0.030
14.924, -0.478, -0.215, 0.030
14.940, -0.478, -0.215, 0.030
14.957, -0.478, -0.215, 0.030
14.974, -0.478, -0.215, 0.030
14.991, -0.478, -0.215, 0.030
15.007, -0.478, -0.215, 0.030
15.025, -0.478, -0.215, 0.030
15.041, -0.478, -0.215, 0.030
15.057, -0.478, -0.215, 0.030
15.074, -0.478, -0.215, 0.030
15.091, -0.478, -0.215, 0.030
15.108, -0.478, -0.215, 0.030
15.124, -0.478, -0.215, 0.030
15.141, -0.478, -0.215, 0.030
15.157, -0.478, -0.215, 0.030
15.174, -0.478, -0.215, 0.030
15.191, -0.478, -0.215, 0.030
15.208, -0.478, -0.215, 0.030
15.224, -0.478, -0.215, 0.030
15.241, -0.478, -0.215, 0.030
15.257, -0.478, -0.215, 0.031
15.274, -0.478, -0.215, 0.030
15.291, -0.478, -0.215, 0.030
15.308, -0.478, -0.215, 0.030
15.324, -0.478, -0.215, 0.030
15.341, -0.478, -0.215, 0.030
15.357, -0.478, -0.215, 0.030
15.374, -0.478, -0.215, 0.030
15.391, -0.478, -0.215, 0.030
15.407, -0.478, -0.215, 0.030
15.425, -0.478, -0.215, 0.031
15.441, -0.478, -0.215, 0.030
15.457, -0.478, -0.215, 0.031
15.474, -0.478, -0.215, 0.030
15.491, -0.478, -0.215, 0.030
15.508, -0.478, -0.215, 0.030
15.524, -0.478, -0.215, 0.031
15.541, -0.478, -0.215, 0.030
15.557, -0.478, -0.215, 0.030
15.574, -0.478, -0.215, 0.030
15.591, -0.478, -0.215, 0.030
15.607, -0.478, -0.215, 0.031
15.624, -0.478, -0.215, 0.030
15.641, -0.478, -0.215, 0.030
15.657, -0.478, -0.215, 0.030
15.674, -0.478, -0.215, 0.030
15.691, -0.478, -0.215, 0.030
15.708, -0.478, -0.215, 0.031
15.725, -0.478, -0.215, 0.031
15.741, -0.478, -0.215, 0.031
15.757, -0.478, -0.215, 0.030
15.774, -0.478, -0.215, 0.030
15.791, -0.478, -0.215, 0.031
15.808, -0.478, -0.215, 0.030
15.824, -0.478, -0.215, 0.030
15.841, -0.478, -0.215, 0.031
15.857, -0.478, -0.215, 0.030
15.874, -0.478, -0.215, 0.030
15.891, -0.478, -0.215, 0.030
15.907, -0.478, -0.215, 0.030
15.924, -0.478, -0.215, 0.030
15.941, -0.478, -0.215, 0.030
15.957, -0.478, -0.215, 0.030
15.974, -0.478, -0.215, 0.031
15.991, -0.478, -0.215, 0.031
16.007, -0.478, -0.215, 0.030
16.024, -0.478, -0.215, 0.030
16.041, -0.478, -0.215, 0.030
16.057, -0.478, -0.215, 0.030
16.074, -0.478, -0.215, 0.030
16.091, -0.478, -0.215, 0.030
16.107, -0.478, -0.215, 0.031
16.125, -0.478, -0.215, 0.030
16.142, -0.478, -0.215, 0.030
16.158, -0.478, -0.215, 0.030
16.174, -0.478, -0.215, 0.030
16.191, -0.478, -0.215, 0.030
16.207, -0.478, -0.215, 0.031
16.224, -0.478, -0.215, 0.030
16.240, -0.478, -0.215, 0.030
16.257, -0.478, -0.215, 0.031
16.274, -0.478, -0.215, 0.030
16.290, -0.478, -0.215, 0.030
16.307, -0.478, -0.215, 0.031
16.324, -0.478, -0.215, 0.030
16.340, -0.478, -0.215, 0.030
16.357, -0.478, -0.215, 0.031
16.374, -0.478, -0.215, 0.030
16.390, -0.478, -0.215, 0.030
16.407, -0.478, -0.215, 0.030
16.424, -0.478, -0.215, 0.030
16.440, -0.478, -0.215, 0.030
16.457, -0.478, -0.215, 0.030
16.474, -0.478, -0.215, 0.030
16.490, -0.478, -0.215, 0.030
16.507, -0.478, -0.215, 0.030
16.524, -0.478, -0.215, 0.030
16.540, -0.478, -0.215, 0.030
16.557, -0.478, -0.215, 0.030
16.574, -0.478, -0.215, 0.031
16.590, -0.478, -0.215, 0.030
16.607, -0.478, -0.215, 0.031
16.624, -0.478, -0.215, 0.031
16.640, -0.478, -0.215, 0.030
16.657, -0.478, -0.215, 0.031
16.674, -0.478, -0.215, 0.030
16.690, -0.478, -0.215, 0.030
16.707, -0.478, -0.215, 0.030
16.724, -0.478, -0.215, 0.030
16.740, -0.478, -0.215, 0.030
16.757, -0.478, -0.215, 0.031
16.774, -0.478, -0.215, 0.030
16.790, -0.478, -0.215, 0.030
16.807, -0.478, -0.215, 0.031
16.824, -0.478, -0.215, 0.030
16.840, -0.478, -0.215, 0.030
16.857, -0.478, -0.215, 0.030
16.874, -0.478, -0.215, 0.030
16.890, -0.478, -0.215, 0.030
16.907, -0.478, -0.215, 0.030
16.924, -0.478, -0.215, 0.030
16.940, -0.478, -0.215, 0.030
16.957, -0.478, -0.215, 0.030
16.974, -0.478, -0.215, 0.030
16.991, -0.478, -0.215, 0.030
17.007, -0.478, -0.215, 0.030
17.024, -0.478, -0.215, 0.030
17.040, -0.478, -0.215, 0.030
17.057, -0.478, -0.215, 0.030
17.074, -0.478, -0.215, 0.030
17.090, -0.478, -0.215, 0.030
17.108, -0.478, -0.215, 0.030
17.124, -0.478, -0.215, 0.031
17.140, -0.478, -0.215, 0.030
17.157, -0.478, -0.215, 0.030
17.174, -0.478, -0.215, 0.030
17.190, -0.478, -0.215, 0.030
17.207, -0.478, -0.215, 0.030
17.224, -0.478, -0.215, 0.031
17.240, -0.478, -0.215, 0.031
17.257, -0.478, -0.215, 0.030
17.274, -0.478, -0.215, 0.031
17.290, -0.478, -0.215, 0.030
17.307, -0.478, -0.215, 0.031
17.324, -0.478, -0.215, 0.031
17.340, -0.478, -0.215, 0.030
17.357, -0.478, -0.215, 0.031
17.374, -0.478, -0.215, 0.030
17.390, -0.478, -0.215, 0.030
17.407, -0.478, -0.215, 0.030
17.424, -0.478, -0.215, 0.030
17.441, -0.478, -0.215, 0.030
17.457, -0.478, -0.215, 0.030
17.474, -0.478, -0.215, 0.030
17.490, -0.478, -0.215, 0.030
17.508, -0.478, -0.215, 0.030
17.525, -0.478, -0.215, 0.030
17.541, -0.478, -0.215, 0.030
17.557, -0.478, -0.215, 0.030
17.574, -0.478, -0.215, 0.030
17.590, -0.478, -0.215, 0.030
17.608, -0.478, -0.215, 0.030
17.624, -0.478, -0.215, 0.030
17.641, -0.478, -0.215, 0.030
17.657, -0.478, -0.215, 0.030
17.674, -0.478, -0.215, 0.030
17.690, -0.478, -0.215, 0.030
17.708, -0.478, -0.215, 0.030
17.724, -0.478, -0.215, 0.030
17.741, -0.478, -0.215, 0.030
17.758, -0.478, -0.215, 0.030
17.774, -0.478, -0.215, 0.030
17.790, -0.478, -0.215, 0.030
17.807, -0.478, -0.215, 0.030
17.824, -0.478, -0.215, 0.030
17.841, -0.478, -0.215, 0.030
17.857, -0.478, -0.215, 0.030
17.874, -0.478, -0.215, 0.031
17.890, -0.478, -0.215, 0.030
17.907, -0.478, -0.215, 0.031
17.924, -0.478, -0.215, 0.030
17.941, -0.478, -0.215, 0.030
17.957, -0.478, -0.215, 0.030
17.974, -0.477, -0.215, 0.030
17.990, -0.477, -0.215, 0.030
18.007, -0.478, -0.215, 0.030
18.024, -0.478, -0.215, 0.030
18.040, -0.478, -0.215, 0.030
18.057, -0.478, -0.215, 0.031
18.074, -0.478, -0.215, 0.030
18.091, -0.478, -0.215, 0.031
18.107, -0.478, -0.215, 0.030
18.124, -0.478, -0.215, 0.030
18.141, -0.478, -0.215, 0.030
18.157, -0.478, -0.215, 0.030
18.174, -0.477, -0.215, 0.031
18.191, -0.477, -0.215, 0.030
18.207, -0.477, -0.215, 0.031
18.224, -0.477, -0.215, 0.030
18.241, -0.477, -0.215, 0.031
18.257, -0.477, -0.216, 0.031
18.274, -0.477, -0.217, 0.031
18.290, -0.477, -0.217, 0.030
18.307, -0.476, -0.217, 0.030
18.324, -0.476, -0.218, 0.031
18.341, -0.476, -0.218, 0.030
18.357, -0.476, -0.218, 0.030
18.374, -0.476, -0.218, 0.031
18.391, -0.476, -0.219, 0.031
18.408, -0.477, -0.219, 0.031
18.424, -0.477, -0.219, 0.031
18.441, -0.477, -0.219, 0.031
18.457, -0.476, -0.218, 0.031
18.474, -0.476, -0.218, 0.030
18.491, -0.476, -0.218, 0.030
18.508, -0.476, -0.218, 0.030
18.524, -0.476, -0.218, 0.030
18.541, -0.476, -0.218, 0.030
18.557, -0.476, -0.218, 0.030
18.574, -0.476, -0.218, 0.030
18.590, -0.476, -0.218, 0.030
18.607, -0.476, -0.218, 0.031
18.624, -0.476, -0.218, 0.031
18.640, -0.476, -0.218, 0.031
18.657, -0.476, -0.217, 0.031
18.674, -0.476, -0.217, 0.030
18.690, -0.476, -0.217, 0.031
18.707, -0.476, -0.216, 0.031
18.724, -0.476, -0.216, 0.031
18.740, -0.476, -0.216, 0.031
18.757, -0.476, -0.216, 0.031
18.774, -0.475, -0.215, 0.031
18.790, -0.475, -0.215, 0.031
18.807, -0.475, -0.215, 0.030
18.824, -0.474, -0.214, 0.031
18.840, -0.474, -0.214, 0.031
18.857, -0.474, -0.214, 0.031
18.874, -0.473, -0.213, 0.031
18.891, -0.473, -0.213, 0.031
18.907, -0.472, -0.213, 0.031
18.924, -0.472, -0.212, 0.031
18.940, -0.472, -0.212, 0.031
18.957, -0.471, -0.212, 0.031
18.974, -0.471, -0.211, 0.032
18.990, -0.471, -0.211, 0.032
19.007, -0.470, -0.211, 0.032
19.024, -0.470, -0.211, 0.032
19.040, -0.469, -0.211, 0.032
19.057, -0.468, -0.211, 0.032
19.074, -0.467, -0.211, 0.032
19.090, -0.467, -0.211, 0.032
19.107, -0.466, -0.211, 0.032
19.124, -0.465, -0.211, 0.033
19.140, -0.464, -0.210, 0.033
19.157, -0.463, -0.210, 0.033
19.174, -0.462, -0.210, 0.033
19.190, -0.462, -0.210, 0.034
19.207, -0.460, -0.210, 0.034
19.224, -0.459, -0.210, 0.035
19.240, -0.458, -0.210, 0.035
19.257, -0.456, -0.210, 0.035
19.274, -0.454, -0.209, 0.036
19.291, -0.453, -0.210, 0.035
19.307, -0.451, -0.209, 0.037
19.324, -0.449, -0.209, 0.037
19.340, -0.448, -0.209, 0.037
19.357, -0.445, -0.209, 0.037
19.374, -0.442, -0.208, 0.037
19.391, -0.441, -0.208, 0.037
19.407, -0.437, -0.208, 0.037
19.424, -0.434, -0.208, 0.038
19.440, -0.433, -0.207, 0.038
19.457, -0.428, -0.207, 0.038
19.474, -0.423, -0.207, 0.039
19.491, -0.421, -0.206, 0.039
19.507, -0.417, -0.206, 0.040
19.524, -0.413, -0.206, 0.040
19.540, -0.409, -0.206, 0.041
19.557, -0.404, -0.206, 0.042
19.574, -0.399, -0.206, 0.043
19.590, -0.394, -0.205, 0.043
19.607, -0.388, -0.205, 0.044
19.624, -0.383, -0.205, 0.045
19.640, -0.376, -0.205, 0.045
19.657, -0.370, -0.205, 0.046
19.674, -0.360, -0.205, 0.047
19.690, -0.357, -0.205, 0.048
19.707, -0.350, -0.205, 0.048
19.724, -0.338, -0.205, 0.050
19.740, -0.335, -0.205, 0.050
19.757, -0.327, -0.205, 0.051
19.774, -0.318, -0.205, 0.052
19.791, -0.314, -0.206, 0.052
19.807, -0.301, -0.206, 0.054
19.824, -0.293, -0.206, 0.055
19.840, -0.288, -0.206, 0.056
19.857, -0.274, -0.207, 0.058
19.874, -0.264, -0.207, 0.059
19.891, -0.259, -0.207, 0.060
19.907, -0.244, -0.207, 0.062
19.924, -0.229, -0.208, 0.066
19.941, -0.223, -0.208, 0.067
19.957, -0.212, -0.208, 0.069
19.974, -0.201, -0.208, 0.072
19.991, -0.196, -0.208, 0.073
20.007, -0.178, -0.209, 0.078
20.024, -0.167, -0.209, 0.082
20.041, -0.154, -0.209, 0.086
20.057, -0.142, -0.210, 0.090
20.074, -0.124, -0.210, 0.096
20.091, -0.117, -0.210, 0.099
20.107, -0.105, -0.211, 0.104
20.124, -0.092, -0.212, 0.110
20.141, -0.079, -0.212, 0.115
20.157, -0.066, -0.213, 0.121
20.174, -0.053, -0.214, 0.127
20.191, -0.041, -0.214, 0.133
20.207, -0.028, -0.215, 0.139
20.224, -0.016, -0.216, 0.145
20.240, -0.010, -0.217, 0.149
20.257, 0.008, -0.218, 0.158
20.274, 0.020, -0.219, 0.165
20.291, 0.031, -0.220, 0.171
20.307, 0.042, -0.221, 0.177
20.324, 0.053, -0.222, 0.183
20.340, 0.058, -0.223, 0.186
20.357, 0.073, -0.224, 0.194
20.374, 0.082, -0.224, 0.199
20.391, 0.091, -0.225, 0.205
20.407, 0.100, -0.226, 0.209
20.424, 0.112, -0.227, 0.216
20.440, 0.112, -0.227, 0.216
20.457, 0.123, -0.227, 0.222
20.474, 0.130, -0.227, 0.226
20.491, 0.136, -0.226, 0.230
20.507, 0.142, -0.226, 0.234
20.524, 0.147, -0.225, 0.238
20.540, 0.150, -0.225, 0.240
20.557, 0.157, -0.223, 0.245
20.574, 0.160, -0.222, 0.248
20.590, 0.162, -0.221, 0.250
20.607, 0.166, -0.219, 0.255
20.624, 0.169, -0.217, 0.258
20.640, 0.170, -0.216, 0.259
20.657, 0.171, -0.212, 0.264
20.674, 0.172, -0.210, 0.267
20.691, 0.172, -0.207, 0.270
20.707, 0.172, -0.205, 0.273
20.724, 0.171, -0.202, 0.277
20.741, 0.170, -0.200, 0.279
20.757, 0.167, -0.196, 0.284
20.774, 0.164, -0.193, 0.288
20.790, 0.161, -0.190, 0.292
20.808, 0.157, -0.187, 0.295
20.824, 0.153, -0.184, 0.299
20.841, 0.150, -0.183, 0.301
20.857, 0.142, -0.178, 0.308
20.874, 0.136, -0.175, 0.312
20.891, 0.130, -0.173, 0.317
20.908, 0.123, -0.170, 0.321
20.925, 0.116, -0.167, 0.326
20.940, 0.108, -0.165, 0.330
20.957, 0.100, -0.162, 0.335
20.974, 0.091, -0.160, 0.339
20.990, 0.082, -0.158, 0.343
21.007, 0.073, -0.156, 0.348
21.024, 0.062, -0.154, 0.352
21.042, 0.052, -0.153, 0.356
21.057, 0.041, -0.151, 0.360
21.074, 0.030, -0.150, 0.364
21.090, 0.018, -0.149, 0.368
21.108, 0.006, -0.148, 0.372
21.124, -0.013, -0.147, 0.377
21.141, -0.020, -0.147, 0.379
21.157, -0.033, -0.146, 0.383
21.174, -0.054, -0.146, 0.388
21.190, -0.061, -0.146, 0.390
21.208, -0.075, -0.146, 0.393
21.224, -0.090, -0.147, 0.396
21.241, -0.104, -0.147, 0.399
21.257, -0.119, -0.148, 0.402
21.274, -0.143, -0.150, 0.407
21.291, -0.150, -0.150, 0.408
21.308, -0.166, -0.151, 0.411
21.324, -0.190, -0.153, 0.415
21.341, -0.198, -0.154, 0.416
21.357, -0.214, -0.156, 0.419
21.374, -0.230, -0.158, 0.422
21.391, -0.246, -0.159, 0.424
21.408, -0.262, -0.161, 0.426
21.424, -0.287, -0.165, 0.430
21.440, -0.295, -0.166, 0.431
21.457, -0.311, -0.168, 0.434
21.474, -0.335, -0.171, 0.437
21.491, -0.342, -0.172, 0.438
21.508, -0.358, -0.175, 0.441
21.524, -0.381, -0.178, 0.444
21.541, -0.389, -0.179, 0.446
21.557, -0.404, -0.182, 0.448
21.575, -0.419, -0.184, 0.451
21.590, -0.426, -0.185, 0.452
21.607, -0.448, -0.188, 0.456
21.624, -0.468, -0.192, 0.458
21.641, -0.468, -0.192, 0.458
21.657, -0.488, -0.195, 0.463
21.674, -0.501, -0.197, 0.465
21.690, -0.508, -0.198, 0.467
21.707, -0.526, -0.201, 0.470
21.724, -0.538, -0.203, 0.473
21.740, -0.544, -0.204, 0.474
21.757, -0.560, -0.207, 0.478
21.774, -0.571, -0.208, 0.482
21.790, -0.577, -0.209, 0.483
21.807, -0.592, -0.212, 0.487
21.824, -0.601, -0.213, 0.490
21.841, -0.606, -0.214, 0.492
21.857, -0.620, -0.216, 0.496
21.874, -0.628, -0.217, 0.500
21.890, -0.632, -0.217, 0.501
21.907, -0.644, -0.219, 0.505
21.924, -0.651, -0.220, 0.509
21.940, -0.655, -0.220, 0.510
21.957, -0.665, -0.221, 0.515
21.974, -0.671, -0.222, 0.518
21.991, -0.674, -0.222, 0.520
22.008, -0.683, -0.223, 0.524
22.024, -0.688, -0.223, 0.527
22.041, -0.691, -0.224, 0.528
22.057, -0.698, -0.224, 0.532
22.074, -0.702, -0.224, 0.535
22.091, -0.705, -0.224, 0.536
22.107, -0.711, -0.224, 0.540
22.124, -0.714, -0.224, 0.542
22.141, -0.716, -0.224, 0.543
22.157, -0.721, -0.224, 0.546
22.174, -0.724, -0.224, 0.548
22.191, -0.725, -0.224, 0.549
22.208, -0.729, -0.224, 0.551
22.224, -0.732, -0.223, 0.553
22.241, -0.733, -0.223, 0.553
22.257, -0.736, -0.223, 0.555
22.274, -0.738, -0.222, 0.556
22.291, -0.739, -0.222, 0.557
22.308, -0.742, -0.221, 0.558
22.324, -0.743, -0.221, 0.558
22.341, -0.744, -0.221, 0.559
22.358, -0.746, -0.220, 0.559
22.374, -0.747, -0.220, 0.559
22.391, -0.748, -0.219, 0.559
22.408, -0.749, -0.219, 0.560
22.424, -0.750, -0.218, 0.559
22.441, -0.751, -0.218, 0.559
22.458, -0.752, -0.217, 0.559
22.474, -0.753, -0.217, 0.559
22.491, -0.753, -0.217, 0.558
22.508, -0.755, -0.216, 0.558
22.524, -0.756, -0.216, 0.557
22.541, -0.756, -0.216, 0.557
22.557, -0.757, -0.215, 0.556
22.574, -0.758, -0.215, 0.556
22.590, -0.758, -0.215, 0.556
22.607, -0.760, -0.214, 0.555
22.625, -0.761, -0.214, 0.554
22.640, -0.761, -0.214, 0.554
22.657, -0.763, -0.214, 0.553
22.674, -0.764, -0.214, 0.552
22.691, -0.765, -0.214, 0.552
22.708, -0.766, -0.214, 0.551
22.724, -0.767, -0.214, 0.550
22.740, -0.767, -0.214, 0.550
22.757, -0.769, -0.214, 0.549
22.774, -0.770, -0.214, 0.549
22.791, -0.771, -0.214, 0.548
22.807, -0.773, -0.214, 0.548
22.824, -0.775, -0.214, 0.547
22.841, -0.776, -0.214, 0.547
22.857, -0.777, -0.215, 0.547
22.874, -0.778, -0.215, 0.547
22.891, -0.779, -0.215, 0.546
22.907, -0.781, -0.216, 0.546
22.924, -0.783, -0.216, 0.546
22.940, -0.784, -0.216, 0.546
22.957, -0.786, -0.217, 0.546
22.974, -0.787, -0.217, 0.546
22.991, -0.789, -0.218, 0.546
23.007, -0.791, -0.218, 0.546
23.024, -0.792, -0.218, 0.546
23.041, -0.794, -0.219, 0.546
23.057, -0.795, -0.219, 0.546
23.074, -0.797, -0.220, 0.546
23.090, -0.798, -0.220, 0.546
23.107, -0.800, -0.221, 0.546
23.124, -0.802, -0.221, 0.546
23.141, -0.803, -0.221, 0.546
23.157, -0.805, -0.222, 0.546
23.174, -0.807, -0.223, 0.546
23.191, -0.807, -0.223, 0.546
23.208, -0.810, -0.223, 0.546
23.224, -0.811, -0.224, 0.546
23.240, -0.812, -0.224, 0.546
23.257, -0.814, -0.225, 0.546
23.274, -0.815, -0.225, 0.546
23.291, -0.816, -0.225, 0.546
23.307, -0.818, -0.226, 0.545
23.324, -0.819, -0.226, 0.545
23.341, -0.820, -0.226, 0.544
23.357, -0.821, -0.226, 0.544
23.374, -0.822, -0.227, 0.543
23.391, -0.823, -0.227, 0.543
23.407, -0.824, -0.227, 0.542
23.424, -0.826, -0.227, 0.541
23.441, -0.826, -0.227, 0.541
23.457, -0.827, -0.227, 0.538
23.474, -0.827, -0.227, 0.538
23.491, -0.828, -0.227, 0.537
23.508, -0.829, -0.227, 0.535
23.524, -0.830, -0.227, 0.534
23.541, -0.830, -0.227, 0.533
23.557, -0.830, -0.227, 0.532
23.574, -0.831, -0.227, 0.530
23.591, -0.831, -0.227, 0.530
23.607, -0.831, -0.227, 0.528
23.624, -0.832, -0.227, 0.527
23.641, -0.832, -0.226, 0.526
23.657, -0.832, -0.226, 0.524
23.674, -0.832, -0.226, 0.523
23.691, -0.833, -0.226, 0.522
23.708, -0.833, -0.226, 0.521
23.724, -0.833, -0.226, 0.519
23.741, -0.833, -0.226, 0.519
23.757, -0.833, -0.226, 0.517
23.774, -0.833, -0.226, 0.516
23.791, -0.833, -0.225, 0.516
23.807, -0.833, -0.225, 0.514
23.824, -0.833, -0.225, 0.513
23.841, -0.833, -0.225, 0.513
23.857, -0.833, -0.225, 0.512
23.874, -0.833, -0.225, 0.511
23.891, -0.833, -0.225, 0.511
23.908, -0.833, -0.225, 0.510
23.924, -0.833, -0.225, 0.509
23.941, -0.833, -0.225, 0.509
23.957, -0.833, -0.225, 0.508
23.974, -0.833, -0.225, 0.507
23.991, -0.833, -0.225, 0.507
24.008, -0.833, -0.225, 0.507
24.024, -0.833, -0.225, 0.506
24.040, -0.832, -0.225, 0.506
24.057, -0.832, -0.225, 0.506
24.074, -0.832, -0.225, 0.506
24.091, -0.832, -0.225, 0.505
24.108, -0.832, -0.225, 0.505
24.124, -0.832, -0.226, 0.505
24.140, -0.832, -0.226, 0.504
24.157, -0.832, -0.226, 0.504
24.174, -0.832, -0.226, 0.504
24.190, -0.832, -0.226, 0.504
24.208, -0.832, -0.226, 0.503
24.224, -0.832, -0.227, 0.503
24.241, -0.832, -0.227, 0.503
24.257, -0.832, -0.227, 0.503
24.274, -0.832, -0.227, 0.502
24.290, -0.832, -0.228, 0.502
24.308, -0.832, -0.228, 0.502
24.324, -0.832, -0.228, 0.501
24.341, -0.832, -0.228, 0.501
24.357, -0.832, -0.229, 0.501
24.374, -0.832, -0.229, 0.500
24.391, -0.832, -0.230, 0.500
24.407, -0.832, -0.230, 0.499
24.425, -0.832, -0.230, 0.499
24.440, -0.832, -0.231, 0.499
24.457, -0.832, -0.232, 0.498
24.474, -0.832, -0.232, 0.498
24.490, -0.832, -0.232, 0.497
24.508, -0.832, -0.233, 0.496
24.524, -0.832, -0.233, 0.496
24.541, -0.832, -0.234, 0.495
24.557, -0.832, -0.234, 0.495
24.574, -0.832, -0.235, 0.494
24.591, -0.832, -0.235, 0.494
24.607, -0.832, -0.235, 0.493
24.624, -0.832, -0.236, 0.492
24.640, -0.832, -0.236, 0.492
24.657, -0.832, -0.237, 0.490
24.674, -0.832, -0.237, 0.490
24.690, -0.832, -0.237, 0.489
24.707, -0.832, -0.238, 0.488
24.724, -0.832, -0.238, 0.487
24.740, -0.832, -0.239, 0.487
24.757, -0.832, -0.239, 0.486
24.774, -0.832, -0.239, 0.485
24.790, -0.832, -0.239, 0.485
24.807, -0.832, -0.240, 0.484
24.824, -0.832, -0.240, 0.483
24.841, -0.832, -0.240, 0.483
24.857, -0.832, -0.241, 0.482
24.874, -0.832, -0.241, 0.481
24.890, -0.832, -0.241, 0.481
24.907, -0.832, -0.241, 0.480
24.924, -0.832, -0.242, 0.479
24.940, -0.833, -0.242, 0.479
24.957, -0.833, -0.242, 0.478
24.974, -0.833, -0.242, 0.478
24.990, -0.833, -0.242, 0.477
25.007, -0.833, -0.242, 0.477
25.024, -0.833, -0.242, 0.477
25.040, -0.833, -0.242, 0.477
25.057, -0.833, -0.242, 0.476
25.074, -0.834, -0.242, 0.476
25.090, -0.834, -0.242, 0.476
25.107, -0.834, -0.242, 0.476
25.124, -0.834, -0.242, 0.476
25.140, -0.834, -0.242, 0.476
25.157, -0.834, -0.242, 0.476
25.174, -0.834, -0.242, 0.477
25.190, -0.834, -0.242, 0.477
25.207, -0.835, -0.242, 0.477
25.224, -0.835, -0.242, 0.477
25.240, -0.835, -0.242, 0.477
25.257, -0.835, -0.242, 0.477
25.274, -0.835, -0.241, 0.478
25.290, -0.835, -0.241, 0.478
25.307, -0.835, -0.241, 0.478
25.324, -0.835, -0.241, 0.478
25.340, -0.836, -0.241, 0.478
25.357, -0.836, -0.240, 0.478
25.375, -0.836, -0.240, 0.478
25.390, -0.836, -0.240, 0.478
25.407, -0.836, -0.240, 0.478
25.424, -0.836, -0.240, 0.478
25.441, -0.836, -0.240, 0.478
25.457, -0.836, -0.239, 0.478
25.474, -0.836, -0.239, 0.478
25.490, -0.836, -0.239, 0.477
25.508, -0.836, -0.239, 0.477
25.524, -0.836, -0.239, 0.476
25.540, -0.837, -0.238, 0.476
25.557, -0.837, -0.238, 0.475
25.574, -0.837, -0.238, 0.475
25.590, -0.837, -0.238, 0.474
25.607, -0.837, -0.238, 0.473
25.624, -0.837, -0.237, 0.473
25.641, -0.837, -0.237, 0.473
25.657, -0.837, -0.237, 0.471
25.674, -0.837, -0.237, 0.470
25.691, -0.837, -0.237, 0.470
25.708, -0.837, -0.237, 0.469
25.724, -0.838, -0.236, 0.469
25.741, -0.838, -0.236, 0.469
25.757, -0.838, -0.236, 0.468
25.774, -0.838, -0.236, 0.467
25.791, -0.838, -0.236, 0.467
25.808, -0.838, -0.235, 0.466
25.824, -0.839, -0.235, 0.466
25.841, -0.839, -0.235, 0.466
25.857, -0.839, -0.235, 0.465
25.874, -0.839, -0.235, 0.465
25.891, -0.839, -0.235, 0.465
25.907, -0.839, -0.235, 0.465
25.924, -0.840, -0.234, 0.465
25.941, -0.840, -0.234, 0.465
25.957, -0.840, -0.234, 0.465
25.974, -0.840, -0.234, 0.466
25.991, -0.840, -0.234, 0.466
26.007, -0.841, -0.234, 0.466
26.024, -0.841, -0.234, 0.466
26.040, -0.841, -0.234, 0.467
26.057, -0.841, -0.234, 0.467
26.074, -0.842, -0.234, 0.467
26.091, -0.842, -0.234, 0.468
26.107, -0.842, -0.234, 0.468
26.124, -0.842, -0.234, 0.468
26.141, -0.842, -0.234, 0.468
26.157, -0.843, -0.234, 0.467
26.174, -0.843, -0.234, 0.467
26.191, -0.843, -0.234, 0.467
26.207, -0.843, -0.234, 0.466
26.224, -0.844, -0.234, 0.466
26.241, -0.844, -0.234, 0.466
26.257, -0.844, -0.234, 0.465
26.274, -0.844, -0.234, 0.465
26.290, -0.844, -0.234, 0.464
26.307, -0.845, -0.234, 0.462
26.324, -0.845, -0.234, 0.461
26.340, -0.845, -0.235, 0.460
26.357, -0.845, -0.235, 0.459
26.374, -0.845, -0.235, 0.458
26.390, -0.845, -0.235, 0.457
26.407, -0.846, -0.235, 0.455
26.424, -0.846, -0.235, 0.454
26.440, -0.846, -0.235, 0.453
26.457, -0.846, -0.236, 0.451
26.474, -0.846, -0.236, 0.449
26.490, -0.846, -0.236, 0.448
26.507, -0.847, -0.236, 0.447
26.524, -0.847, -0.236, 0.445
26.540, -0.847, -0.237, 0.444
26.557, -0.847, -0.237, 0.442
26.574, -0.847, -0.237, 0.441
26.590, -0.847, -0.238, 0.439
26.607, -0.848, -0.238, 0.438
26.624, -0.848, -0.238, 0.436
26.640, -0.848, -0.238, 0.436
26.657, -0.848, -0.239, 0.434
26.674, -0.848, -0.239, 0.433
26.690, -0.849, -0.240, 0.431
26.707, -0.849, -0.240, 0.430
26.724, -0.849, -0.241, 0.429
26.740, -0.849, -0.241, 0.428
26.757, -0.849, -0.242, 0.427
26.774, -0.850, -0.242, 0.426
26.790, -0.850, -0.242, 0.425
26.807, -0.850, -0.243, 0.424
26.824, -0.850, -0.243, 0.423
26.840, -0.851, -0.244, 0.422
26.857, -0.851, -0.244, 0.422
26.874, -0.851, -0.245, 0.421
26.890, -0.852, -0.245, 0.421
26.907, -0.852, -0.245, 0.420
26.924, -0.852, -0.246, 0.420
26.940, -0.853, -0.246, 0.419
26.957, -0.853, -0.246, 0.418
26.974, -0.853, -0.247, 0.418
26.990, -0.854, -0.247, 0.418
27.007, -0.854, -0.247, 0.418
27.024, -0.855, -0.247, 0.417
27.041, -0.855, -0.247, 0.417
27.057, -0.855, -0.248, 0.417
27.074, -0.856, -0.248, 0.416
27.091, -0.856, -0.248, 0.416
27.107, -0.856, -0.248, 0.416
27.124, -0.857, -0.248, 0.416
27.141, -0.857, -0.248, 0.415
27.157, -0.857, -0.248, 0.415
27.174, -0.858, -0.248, 0.415
27.191, -0.858, -0.248, 0.415
27.207, -0.858, -0.248, 0.414
27.224, -0.859, -0.248, 0.414
27.240, -0.859, -0.248, 0.414
27.257, -0.859, -0.248, 0.414
27.274, -0.860, -0.248, 0.414
27.291, -0.860, -0.248, 0.414
27.307, -0.860, -0.248, 0.413
27.324, -0.860, -0.248, 0.413
27.340, -0.860, -0.248, 0.413
27.358, -0.861, -0.248, 0.413
27.374, -0.861, -0.247, 0.413
27.391, -0.861, -0.247, 0.413
27.407, -0.861, -0.247, 0.413
27.424, -0.861, -0.247, 0.413
27.440, -0.861, -0.246, 0.413
27.457, -0.861, -0.246, 0.413
27.474, -0.862, -0.245, 0.413
27.490, -0.862, -0.245, 0.413
27.507, -0.862, -0.245, 0.413
27.524, -0.862, -0.244, 0.413
27.540, -0.862, -0.244, 0.413
27.557, -0.862, -0.243, 0.413
27.574, -0.861, -0.243, 0.413
27.590, -0.861, -0.242, 0.414
27.607, -0.861, -0.242, 0.414
27.624, -0.860, -0.241, 0.414
27.640, -0.860, -0.240, 0.414
27.657, -0.860, -0.240, 0.415
27.674, -0.859, -0.238, 0.415
27.690, -0.858, -0.238, 0.416
27.707, -0.858, -0.237, 0.416
27.724, -0.857, -0.236, 0.417
27.740, -0.856, -0.236, 0.417
27.757, -0.855, -0.235, 0.418
27.774, -0.854, -0.234, 0.418
27.790, -0.853, -0.233, 0.419
27.807, -0.851, -0.232, 0.420
27.824, -0.850, -0.231, 0.421
27.840, -0.848, -0.230, 0.422
27.857, -0.846, -0.229, 0.423
27.874, -0.845, -0.228, 0.423
27.890, -0.844, -0.228, 0.423
27.907, -0.841, -0.226, 0.425
27.924, -0.839, -0.225, 0.426
27.940, -0.838, -0.225, 0.426
27.957, -0.835, -0.224, 0.427
27.974, -0.831, -0.222, 0.428
27.990, -0.830, -0.222, 0.428
28.007, -0.828, -0.221, 0.429
28.024, -0.825, -0.220, 0.429
28.040, -0.823, -0.219, 0.430
28.057, -0.820, -0.218, 0.430
28.074, -0.818, -0.217, 0.431
28.090, -0.815, -0.216, 0.431
28.107, -0.812, -0.216, 0.431
28.124, -0.808, -0.215, 0.431
28.141, -0.806, -0.214, 0.431
28.158, -0.804, -0.214, 0.431
28.174, -0.799, -0.213, 0.431
28.190, -0.798, -0.213, 0.431
28.207, -0.795, -0.212, 0.431
28.224, -0.791, -0.212, 0.431
28.241, -0.789, -0.211, 0.431
28.258, -0.787, -0.211, 0.431
28.274, -0.784, -0.211, 0.430
28.290, -0.782, -0.210, 0.430
28.307, -0.778, -0.210, 0.430
28.324, -0.775, -0.209, 0.430
28.340, -0.774, -0.209, 0.430
28.357, -0.770, -0.209, 0.430
28.374, -0.767, -0.208, 0.430
28.390, -0.766, -0.208, 0.430
28.407, -0.762, -0.208, 0.430
28.424, -0.759, -0.207, 0.430
28.440, -0.756, -0.207, 0.430
28.457, -0.754, -0.207, 0.430
28.474, -0.751, -0.206, 0.430
28.490, -0.748, -0.206, 0.430
28.507, -0.746, -0.206, 0.429
28.524, -0.743, -0.205, 0.429
28.540, -0.741, -0.205, 0.429
28.557, -0.738, -0.204, 0.429
28.574, -0.734, -0.204, 0.429
28.590, -0.733, -0.204, 0.428
28.607, -0.731, -0.203, 0.428
28.624, -0.728, -0.203, 0.428
28.640, -0.727, -0.203, 0.427
28.657, -0.724, -0.202, 0.427
28.674, -0.720, -0.202, 0.426
28.690, -0.719, -0.202, 0.425
28.707, -0.717, -0.202, 0.425
28.724, -0.715, -0.201, 0.424
28.740, -0.713, -0.201, 0.424
28.757, -0.710, -0.201, 0.423
28.774, -0.708, -0.201, 0.422
28.790, -0.706, -0.201, 0.422
28.807, -0.704, -0.200, 0.421
28.824, -0.701, -0.200, 0.420
28.840, -0.700, -0.200, 0.419
28.857, -0.698, -0.200, 0.419
28.874, -0.696, -0.200, 0.418
28.890, -0.695, -0.200, 0.418
28.907, -0.692, -0.200, 0.416
28.924, -0.689, -0.200, 0.416
28.940, -0.689, -0.200, 0.415
28.957, -0.685, -0.200, 0.414
28.974, -0.683, -0.200, 0.414
28.990, -0.682, -0.200, 0.414
29.007, -0.679, -0.200, 0.413
29.024, -0.677, -0.200, 0.413
29.040, -0.677, -0.200, 0.413
29.057, -0.674, -0.201, 0.412
29.074, -0.672, -0.201, 0.412
29.090, -0.671, -0.201, 0.412
29.107, -0.668, -0.202, 0.412
29.124, -0.665, -0.202, 0.412
29.140, -0.664, -0.202, 0.412
29.157, -0.661, -0.203, 0.411
29.174, -0.659, -0.203, 0.411
29.190, -0.658, -0.204, 0.411
29.207, -0.655, -0.204, 0.411
29.224, -0.652, -0.205, 0.411
29.240, -0.651, -0.205, 0.411
29.258, -0.648, -0.206, 0.411
29.274, -0.645, -0.207, 0.410
29.291, -0.644, -0.207, 0.410
29.307, -0.641, -0.208, 0.410
29.324, -0.639, -0.209, 0.410
29.340, -0.637, -0.209, 0.410
29.357, -0.634, -0.211, 0.409
29.374, -0.631, -0.211, 0.409
29.390, -0.630, -0.212, 0.409
29.407, -0.627, -0.213, 0.408
29.424, -0.625, -0.214, 0.407
29.440, -0.623, -0.214, 0.407
29.457, -0.620, -0.216, 0.406
29.474, -0.618, -0.217, 0.405
29.490, -0.617, -0.217, 0.405
29.507, -0.614, -0.219, 0.403
29.524, -0.612, -0.220, 0.402
29.540, -0.611, -0.220, 0.402
29.557, -0.608, -0.222, 0.400
29.574, -0.606, -0.223, 0.399
29.591, -0.605, -0.224, 0.398
29.607, -0.603, -0.225, 0.397
29.624, -0.600, -0.226, 0.395
29.640, -0.599, -0.227, 0.394
29.657, -0.597, -0.229, 0.393
29.674, -0.595, -0.230, 0.392
29.690, -0.595, -0.230, 0.391
29.707, -0.592, -0.232, 0.390
29.724, -0.591, -0.233, 0.389
29.740, -0.590, -0.234, 0.389
29.757, -0.589, -0.235, 0.388
29.774, -0.588, -0.237, 0.388
29.790, -0.587, -0.238, 0.388
29.807, -0.586, -0.239, 0.388
29.824, -0.585, -0.240, 0.388
29.840, -0.584, -0.241, 0.388
29.857, -0.584, -0.242, 0.388
29.874, -0.583, -0.243, 0.388
29.890, -0.583, -0.243, 0.388
29.907, -0.582, -0.245, 0.389
29.924, -0.581, -0.246, 0.389
29.940, -0.581, -0.246, 0.389
29.957, -0.580, -0.247, 0.390
29.974, -0.580, -0.248, 0.390
29.990, -0.579, -0.248, 0.390
30.007, -0.578, -0.249, 0.391
30.024, -0.578, -0.250, 0.391
30.040, -0.577, -0.250, 0.391
30.057, -0.577, -0.251, 0.392
30.074, -0.575, -0.252, 0.392
30.090, -0.575, -0.252, 0.392
30.107, -0.574, -0.253, 0.392
30.124, -0.573, -0.253, 0.393
30.140, -0.572, -0.253, 0.393
30.157, -0.571, -0.254, 0.393
30.174, -0.570, -0.254, 0.393
30.190, -0.569, -0.254, 0.393
30.207, -0.568, -0.254, 0.392
30.224, -0.566, -0.254, 0.392
30.240, -0.566, -0.254, 0.392
30.257, -0.564, -0.254, 0.391
30.274, -0.562, -0.254, 0.391
30.290, -0.560, -0.254, 0.391
30.307, -0.559, -0.254, 0.391
30.324, -0.557, -0.254, 0.390
30.340, -0.556, -0.254, 0.390
30.357, -0.553, -0.254, 0.389
30.374, -0.550, -0.254, 0.389
30.390, -0.549, -0.254, 0.389
30.407, -0.546, -0.253, 0.388
30.424, -0.544, -0.253, 0.388
30.441, -0.542, -0.253, 0.388
30.457, -0.539, -0.252, 0.388
30.474, -0.536, -0.252, 0.388
30.490, -0.535, -0.252, 0.388
30.507, -0.531, -0.251, 0.388
30.524, -0.528, -0.251, 0.388
30.540, -0.527, -0.251, 0.388
30.557, -0.522, -0.250, 0.388
30.574, -0.520, -0.250, 0.388
30.590, -0.518, -0.250, 0.389
30.607, -0.514, -0.249, 0.389
30.624, -0.512, -0.249, 0.389
30.640, -0.511, -0.248, 0.390
30.657, -0.507, -0.248, 0.390
30.674, -0.504, -0.248, 0.391
30.690, -0.503, -0.248, 0.391
30.707, -0.499, -0.247, 0.392
30.724, -0.497, -0.247, 0.393
30.740, -0.496, -0.247, 0.393
30.757, -0.492, -0.247, 0.394
30.774, -0.490, -0.247, 0.394
30.790, -0.489, -0.247, 0.394
30.807, -0.485, -0.246, 0.395
30.824, -0.483, -0.246, 0.396
30.840, -0.482, -0.246, 0.396
30.857, -0.479, -0.247, 0.396
30.874, -0.477, -0.247, 0.396
30.890, -0.476, -0.247, 0.396
30.907, -0.473, -0.247, 0.396
30.924, -0.471, -0.248, 0.396
30.940, -0.470, -0.248, 0.396
30.957, -0.467, -0.249, 0.395
30.974, -0.465, -0.249, 0.395
30.990, -0.464, -0.249, 0.395
31.007, -0.460, -0.251, 0.393
31.024, -0.457, -0.252, 0.392
31.040, -0.457, -0.252, 0.392
31.057, -0.454, -0.254, 0.390
31.074, -0.452, -0.255, 0.389
31.090, -0.451, -0.255, 0.388
31.107, -0.448, -0.258, 0.386
31.124, -0.446, -0.259, 0.385
31.140, -0.444, -0.261, 0.384
31.157, -0.441, -0.262, 0.383
31.174, -0.439, -0.264, 0.381
31.190, -0.437, -0.265, 0.380
31.207, -0.435, -0.267, 0.379
31.224, -0.432, -0.269, 0.378
31.240, -0.431, -0.270, 0.377
31.257, -0.427, -0.272, 0.375
31.274, -0.425, -0.274, 0.374
31.290, -0.423, -0.275, 0.373
31.307, -0.420, -0.277, 0.372
31.324, -0.417, -0.279, 0.371
31.340, -0.414, -0.281, 0.370
31.357, -0.412, -0.283, 0.369
31.374, -0.409, -0.284, 0.368
31.390, -0.408, -0.285, 0.367
31.407, -0.404, -0.287, 0.366
31.424, -0.401, -0.289, 0.365
31.440, -0.400, -0.290, 0.365
31.457, -0.396, -0.292, 0.363
31.474, -0.393, -0.293, 0.363
31.490, -0.391, -0.295, 0.362
31.507, -0.388, -0.296, 0.361
31.524, -0.384, -0.297, 0.361
31.540, -0.383, -0.298, 0.360
31.557, -0.381, -0.299, 0.360
31.574, -0.378, -0.300, 0.360
31.590, -0.377, -0.301, 0.359
31.607, -0.373, -0.302, 0.359
31.624, -0.371, -0.303, 0.359
31.640, -0.370, -0.304, 0.359
31.657, -0.366, -0.306, 0.358
31.674, -0.363, -0.307, 0.358
31.691, -0.361, -0.308, 0.358
31.707, -0.359, -0.309, 0.358
31.724, -0.356, -0.310, 0.357
31.740, -0.355, -0.310, 0.357
31.757, -0.351, -0.312, 0.357
31.774, -0.348, -0.313, 0.357
31.790, -0.346, -0.314, 0.357
31.807, -0.344, -0.315, 0.357
31.824, -0.340, -0.316, 0.357
31.840, -0.339, -0.317, 0.357
31.857, -0.336, -0.318, 0.358
31.874, -0.332, -0.319, 0.358
31.890, -0.332, -0.319, 0.358
31.907, -0.328, -0.321, 0.358
31.924, -0.326, -0.322, 0.358
31.940, -0.323, -0.323, 0.359
31.957, -0.320, -0.324, 0.360
31.974, -0.318, -0.325, 0.360
31.990, -0.315, -0.326, 0.361
32.007, -0.312, -0.328, 0.361
32.024, -0.310, -0.329, 0.362
32.041, -0.308, -0.329, 0.362
32.057, -0.304, -0.331, 0.363
32.074, -0.300, -0.333, 0.365
32.091, -0.298, -0.333, 0.365
32.107, -0.296, -0.334, 0.365
32.125, -0.292, -0.336, 0.366
32.141, -0.290, -0.337, 0.366
32.157, -0.287, -0.338, 0.367
32.174, -0.285, -0.339, 0.367
32.191, -0.282, -0.340, 0.367
32.207, -0.280, -0.342, 0.367
32.224, -0.276, -0.343, 0.367
32.241, -0.274, -0.344, 0.367
32.257, -0.272, -0.345, 0.367
32.274, -0.268, -0.347, 0.367
32.291, -0.267, -0.348, 0.367
32.307, -0.264, -0.349, 0.367
32.324, -0.262, -0.350, 0.367
32.341, -0.259, -0.351, 0.368
32.357, -0.257, -0.352, 0.368
32.374, -0.254, -0.354, 0.368
32.391, -0.253, -0.355, 0.367
32.407, -0.251, -0.356, 0.368
32.424, -0.249, -0.358, 0.368
32.441, -0.247, -0.359, 0.368
32.457, -0.245, -0.360, 0.368
32.474, -0.242, -0.362, 0.368
32.491, -0.241, -0.363, 0.369
32.507, -0.240, -0.364, 0.369
32.524, -0.238, -0.366, 0.369
32.540, -0.237, -0.367, 0.369
32.557, -0.235, -0.368, 0.369
32.574, -0.234, -0.370, 0.369
32.590, -0.233, -0.371, 0.369
32.607, -0.233, -0.372, 0.370
32.624, -0.232, -0.374, 0.370
32.640, -0.231, -0.374, 0.370
32.657, -0.231, -0.375, 0.370
32.674, -0.231, -0.377, 0.370
32.691, -0.231, -0.377, 0.370
32.707, -0.231, -0.378, 0.370
32.724, -0.231, -0.379, 0.370
32.740, -0.231, -0.379, 0.370
32.757, -0.231, -0.380, 0.370
32.774, -0.231, -0.381, 0.370
32.790, -0.232, -0.381, 0.370
32.807, -0.232, -0.381, 0.370
32.824, -0.232, -0.382, 0.370
32.840, -0.233, -0.382, 0.369
32.857, -0.234, -0.382, 0.369
32.874, -0.235, -0.382, 0.369
32.890, -0.235, -0.382, 0.369
32.907, -0.236, -0.382, 0.369
32.924, -0.237, -0.382, 0.368
32.940, -0.238, -0.382, 0.368
32.957, -0.239, -0.381, 0.368
32.974, -0.239, -0.381, 0.367
32.990, -0.240, -0.381, 0.367
33.007, -0.241, -0.380, 0.367
33.024, -0.242, -0.380, 0.367
33.040, -0.243, -0.380, 0.366
33.057, -0.244, -0.379, 0.366
33.074, -0.245, -0.378, 0.366
33.090, -0.246, -0.377, 0.366
33.107, -0.247, -0.376, 0.365
33.124, -0.248, -0.375, 0.365
33.140, -0.249, -0.375, 0.365
33.157, -0.250, -0.373, 0.365
33.174, -0.251, -0.372, 0.365
33.190, -0.252, -0.372, 0.365
33.207, -0.253, -0.370, 0.365
33.224, -0.255, -0.368, 0.366
33.241, -0.255, -0.368, 0.366
33.257, -0.256, -0.366, 0.366
33.274, -0.258, -0.365, 0.366
33.290, -0.258, -0.364, 0.366
33.307, -0.259, -0.363, 0.366
33.324, -0.261, -0.361, 0.367
33.340, -0.261, -0.360, 0.367
33.357, -0.263, -0.359, 0.368
33.374, -0.264, -0.357, 0.368
33.390, -0.265, -0.356, 0.368
33.407, -0.266, -0.355, 0.369
33.424, -0.267, -0.353, 0.369
33.440, -0.268, -0.352, 0.370
33.457, -0.269, -0.351, 0.370
33.474, -0.270, -0.350, 0.371
33.490, -0.271, -0.349, 0.371
33.507, -0.272, -0.347, 0.371
33.524, -0.273, -0.346, 0.372
33.540, -0.274, -0.345, 0.373
33.557, -0.275, -0.344, 0.373
33.574, -0.275, -0.343, 0.374
33.590, -0.276, -0.342, 0.374
33.607, -0.277, -0.340, 0.375
33.624, -0.278, -0.339, 0.375
33.640, -0.279, -0.338, 0.376
33.657, -0.280, -0.338, 0.376
33.674, -0.281, -0.336, 0.377
33.690, -0.282, -0.336, 0.377
33.707, -0.282, -0.335, 0.378
33.724, -0.284, -0.334, 0.378
33.740, -0.284, -0.333, 0.378
33.757, -0.285, -0.333, 0.379
33.774, -0.286, -0.332, 0.379
33.790, -0.286, -0.331, 0.379
33.807, -0.286, -0.331, 0.380
33.824, -0.287, -0.330, 0.381
33.840, -0.288, -0.330, 0.381
33.857, -0.288, -0.329, 0.381
33.874, -0.289, -0.329, 0.381
33.890, -0.289, -0.328, 0.381
33.907, -0.289, -0.328, 0.382
33.924, -0.290, -0.328, 0.382
33.940, -0.290, -0.328, 0.382
33.957, -0.290, -0.328, 0.382
33.974, -0.291, -0.327, 0.382
33.990, -0.291, -0.327, 0.382
34.007, -0.291, -0.327, 0.382
34.024, -0.292, -0.327, 0.382
34.040, -0.292, -0.327, 0.382
34.057, -0.292, -0.327, 0.383
34.074, -0.292, -0.327, 0.382
34.090, -0.293, -0.327, 0.382
34.107, -0.293, -0.327, 0.382
34.124, -0.293, -0.328, 0.383
34.140, -0.293, -0.328, 0.383
34.157, -0.293, -0.328, 0.383
34.174, -0.294, -0.328, 0.383
34.190, -0.294, -0.328, 0.382
34.207, -0.294, -0.329, 0.382
34.224, -0.294, -0.329, 0.383
34.240, -0.294, -0.329, 0.383
34.257, -0.294, -0.329, 0.383
34.274, -0.294, -0.330, 0.383
34.290, -0.294, -0.330, 0.383
34.307, -0.295, -0.330, 0.383
34.324, -0.295, -0.331, 0.383
34.340, -0.295, -0.331, 0.383
34.357, -0.295, -0.331, 0.382
34.374, -0.295, -0.332, 0.383
34.390, -0.295, -0.332, 0.382
34.407, -0.295, -0.332, 0.382
34.424, -0.295, -0.333, 0.382
34.440, -0.295, -0.333, 0.382
34.457, -0.295, -0.333, 0.382
34.474, -0.295, -0.334, 0.382
34.490, -0.295, -0.334, 0.382
34.507, -0.295, -0.334, 0.382
34.524, -0.295, -0.335, 0.381
34.540, -0.295, -0.335, 0.381
34.557, -0.295, -0.335, 0.381
34.574, -0.295, -0.336, 0.381
34.590, -0.295, -0.336, 0.382
34.607, -0.295, -0.336, 0.382
34.624, -0.295, -0.336, 0.382
34.640, -0.295, -0.336, 0.382
34.657, -0.295, -0.337, 0.382
34.674, -0.295, -0.337, 0.382
34.690, -0.295, -0.337, 0.382
34.707, -0.295, -0.337, 0.382
34.724, -0.295, -0.338, 0.382
34.740, -0.295, -0.338, 0.382
34.757, -0.295, -0.338, 0.382
34.774, -0.295, -0.338, 0.383
34.790, -0.295, -0.338, 0.383
34.807, -0.295, -0.339, 0.383
34.824, -0.295, -0.339, 0.383
34.840, -0.295, -0.339, 0.383
34.857, -0.294, -0.340, 0.383
34.874, -0.295, -0.340, 0.384
34.890, -0.294, -0.340, 0.384
34.907, -0.294, -0.340, 0.384
34.924, -0.294, -0.341, 0.384
34.940, -0.294, -0.341, 0.384
34.957, -0.294, -0.341, 0.384
34.974, -0.294, -0.341, 0.384
34.990, -0.294, -0.341, 0.384
35.007, -0.294, -0.342, 0.384
35.024, -0.294, -0.342, 0.384
35.040, -0.294, -0.342, 0.384
35.057, -0.294, -0.342, 0.385
35.074, -0.293, -0.342, 0.385
35.090, -0.293, -0.342, 0.384
35.107, -0.293, -0.343, 0.385
35.124, -0.293, -0.343, 0.385
35.140, -0.293, -0.343, 0.385
35.157, -0.293, -0.343, 0.385
35.174, -0.293, -0.343, 0.385
35.190, -0.293, -0.343, 0.385
35.207, -0.293, -0.343, 0.385
35.224, -0.292, -0.343, 0.385
35.240, -0.292, -0.344, 0.385
35.257, -0.292, -0.344, 0.386
35.274, -0.292, -0.344, 0.386
35.290, -0.292, -0.344, 0.386
35.307, -0.292, -0.344, 0.386
35.324, -0.292, -0.344, 0.387
35.340, -0.292, -0.343, 0.387
35.357, -0.292, -0.343, 0.387
35.374, -0.292, -0.343, 0.388
35.390, -0.292, -0.343, 0.388
35.407, -0.292, -0.343, 0.388
35.424, -0.292, -0.343, 0.389
35.440, -0.292, -0.343, 0.389
35.457, -0.292, -0.342, 0.390
35.474, -0.292, -0.342, 0.390
35.490, -0.292, -0.342, 0.390
35.507, -0.292, -0.342, 0.390
35.524, -0.292, -0.341, 0.391
35.540, -0.292, -0.341, 0.391
35.557, -0.292, -0.341, 0.392
35.574, -0.292, -0.340, 0.392
35.590, -0.292, -0.340, 0.392
35.607, -0.292, -0.340, 0.392
35.624, -0.292, -0.339, 0.393
35.640, -0.292, -0.339, 0.393
35.657, -0.292, -0.338, 0.394
35.674, -0.292, -0.338, 0.394
35.690, -0.292, -0.337, 0.394
35.707, -0.292, -0.336, 0.395
35.724, -0.292, -0.336, 0.395
35.740, -0.292, -0.336, 0.395
35.757, -0.292, -0.335, 0.396
35.774, -0.292, -0.334, 0.397
35.790, -0.292, -0.334, 0.397
35.807, -0.292, -0.333, 0.397
35.824, -0.291, -0.332, 0.398
35.840, -0.291, -0.332, 0.398
35.857, -0.291, -0.331, 0.398
35.874, -0.291, -0.331, 0.399
35.890, -0.291, -0.330, 0.399
35.907, -0.291, -0.330, 0.399
35.924, -0.291, -0.329, 0.400
35.940, -0.291, -0.328, 0.400
35.957, -0.290, -0.327, 0.401
35.974, -0.290, -0.327, 0.401
35.990, -0.290, -0.327, 0.402
36.007, -0.290, -0.326, 0.402
36.024, -0.290, -0.325, 0.403
36.040, -0.290, -0.325, 0.403
36.057, -0.289, -0.324, 0.404
36.074, -0.289, -0.324, 0.404
36.090, -0.289, -0.324, 0.404
36.107, -0.289, -0.323, 0.405
36.124, -0.289, -0.323, 0.406
36.140, -0.289, -0.323, 0.406
36.157, -0.288, -0.322, 0.407
36.174, -0.288, -0.322, 0.408
36.190, -0.288, -0.322, 0.408
36.207, -0.288, -0.322, 0.408
36.224, -0.287, -0.322, 0.409
36.240, -0.287, -0.322, 0.409
36.257, -0.287, -0.322, 0.410
36.274, -0.287, -0.322, 0.411
36.291, -0.287, -0.322, 0.411
36.307, -0.286, -0.322, 0.412
36.324, -0.286, -0.323, 0.412
36.340, -0.286, -0.323, 0.412
36.357, -0.285, -0.323, 0.413
36.374, -0.285, -0.323, 0.414
36.390, -0.285, -0.324, 0.414
36.407, -0.285, -0.325, 0.415
36.424, -0.284, -0.325, 0.415
36.440, -0.284, -0.325, 0.415
36.457, -0.284, -0.326, 0.416
36.474, -0.283, -0.327, 0.416
36.490, -0.283, -0.327, 0.417
36.507, -0.283, -0.328, 0.417
36.524, -0.283, -0.328, 0.417
36.540, -0.283, -0.329, 0.417
36.557, -0.282, -0.330, 0.418
36.574, -0.282, -0.330, 0.418
36.590, -0.282, -0.331, 0.418
36.607, -0.282, -0.332, 0.418
36.624, -0.281, -0.332, 0.418
36.640, -0.281, -0.333, 0.419
36.657, -0.281, -0.334, 0.419
36.674, -0.281, -0.334, 0.419
36.690, -0.281, -0.335, 0.419
36.707, -0.281, -0.336, 0.419
36.724, -0.281, -0.336, 0.419
36.740, -0.281, -0.337, 0.419
36.757, -0.281, -0.337, 0.419
36.774, -0.280, -0.338, 0.418
36.790, -0.281, -0.338, 0.418
36.808, -0.280, -0.339, 0.418
36.824, -0.280, -0.340, 0.418
36.840, -0.280, -0.340, 0.418
36.857, -0.280, -0.340, 0.418
36.874, -0.280, -0.341, 0.417
36.890, -0.280, -0.341, 0.417
36.907, -0.280, -0.341, 0.417
36.924, -0.280, -0.342, 0.416
36.940, -0.280, -0.342, 0.416
36.957, -0.280, -0.342, 0.416
36.974, -0.280, -0.342, 0.415
36.990, -0.280, -0.342, 0.415
37.007, -0.280, -0.343, 0.414
37.024, -0.280, -0.343, 0.414
37.040, -0.279, -0.343, 0.414
37.057, -0.279, -0.343, 0.413
37.074, -0.279, -0.343, 0.413
37.090, -0.279, -0.344, 0.413
37.107, -0.279, -0.344, 0.413
37.124, -0.278, -0.344, 0.412
37.140, -0.278, -0.344, 0.412
37.157, -0.278, -0.345, 0.412
37.174, -0.278, -0.345, 0.412
37.190, -0.277, -0.345, 0.411
37.207, -0.277, -0.345, 0.411
37.224, -0.277, -0.346, 0.411
37.240, -0.277, -0.346, 0.411
37.257, -0.276, -0.347, 0.411
37.274, -0.276, -0.347, 0.411
37.290, -0.276, -0.348, 0.411
37.307, -0.276, -0.348, 0.411
37.324, -0.276, -0.349, 0.411
37.340, -0.275, -0.349, 0.411
37.357, -0.275, -0.350, 0.412
37.374, -0.275, -0.350, 0.412
37.390, -0.275, -0.351, 0.412
37.407, -0.275, -0.352, 0.412
37.424, -0.275, -0.352, 0.412
37.440, -0.275, -0.353, 0.413
37.457, -0.275, -0.353, 0.413
37.474, -0.275, -0.354, 0.413
37.490, -0.275, -0.355, 0.413
37.507, -0.276, -0.355, 0.413
37.524, -0.276, -0.356, 0.414
37.540, -0.276, -0.357, 0.414
37.557, -0.277, -0.357, 0.414
37.574, -0.277, -0.358, 0.415
37.590, -0.277, -0.358, 0.415
37.607, -0.278, -0.359, 0.415
37.624, -0.278, -0.360, 0.416
37.640, -0.279, -0.360, 0.416
37.657, -0.280, -0.361, 0.417
37.674, -0.280, -0.361, 0.417
37.691, -0.281, -0.362, 0.418
37.707, -0.281, -0.362, 0.418
37.724, -0.282, -0.363, 0.419
37.741, -0.283, -0.363, 0.419
37.757, -0.283, -0.363, 0.419
37.774, -0.284, -0.363, 0.419
37.791, -0.285, -0.364, 0.419
37.807, -0.285, -0.364, 0.420
37.824, -0.286, -0.364, 0.420
37.841, -0.287, -0.364, 0.420
37.857, -0.287, -0.364, 0.420
37.874, -0.288, -0.364, 0.421
37.891, -0.288, -0.365, 0.421
37.907, -0.288, -0.365, 0.421
37.924, -0.289, -0.365, 0.422
37.940, -0.289, -0.365, 0.422
37.957, -0.289, -0.365, 0.422
37.974, -0.290, -0.364, 0.423
37.991, -0.290, -0.364, 0.423
38.007, -0.290, -0.364, 0.423
38.024, -0.290, -0.364, 0.424
38.041, -0.290, -0.364, 0.424
38.058, -0.290, -0.363, 0.424
38.074, -0.290, -0.363, 0.425
38.091, -0.291, -0.363, 0.425
38.107, -0.291, -0.362, 0.426
38.124, -0.291, -0.361, 0.427
38.141, -0.291, -0.361, 0.427
38.157, -0.290, -0.360, 0.427
38.174, -0.290, -0.360, 0.428
38.191, -0.290, -0.359, 0.428
38.207, -0.290, -0.359, 0.428
38.224, -0.290, -0.358, 0.429
38.240, -0.289, -0.358, 0.429
38.257, -0.289, -0.356, 0.430
38.274, -0.289, -0.356, 0.430
38.291, -0.288, -0.355, 0.430
38.307, -0.287, -0.354, 0.430
38.324, -0.287, -0.353, 0.431
38.340, -0.287, -0.353, 0.431
38.357, -0.286, -0.352, 0.431
38.374, -0.285, -0.351, 0.431
38.390, -0.285, -0.351, 0.431
38.407, -0.284, -0.350, 0.431
38.424, -0.283, -0.349, 0.431
38.440, -0.283, -0.349, 0.431
38.457, -0.281, -0.348, 0.430
38.474, -0.280, -0.347, 0.429
38.490, -0.280, -0.347, 0.429
38.507, -0.279, -0.346, 0.428
38.524, -0.278, -0.345, 0.427
38.541, -0.278, -0.345, 0.426
38.557, -0.276, -0.344, 0.423
38.574, -0.275, -0.343, 0.421
38.590, -0.275, -0.343, 0.419
38.607, -0.274, -0.342, 0.417
38.624, -0.273, -0.342, 0.414
38.640, -0.272, -0.341, 0.413
38.657, -0.271, -0.341, 0.408
38.674, -0.270, -0.340, 0.404
38.690, -0.269, -0.340, 0.402
38.707, -0.268, -0.339, 0.398
38.724, -0.268, -0.338, 0.395
38.740, -0.267, -0.338, 0.391
38.757, -0.266, -0.338, 0.387
38.774, -0.265, -0.337, 0.384
38.790, -0.265, -0.337, 0.382
38.807, -0.264, -0.337, 0.376
38.824, -0.263, -0.337, 0.372
38.840, -0.263, -0.337, 0.370
38.857, -0.262, -0.337, 0.364
38.874, -0.261, -0.337, 0.360
38.890, -0.261, -0.337, 0.356
38.907, -0.260, -0.337, 0.352
38.924, -0.260, -0.337, 0.349
38.940, -0.259, -0.337, 0.345
38.957, -0.259, -0.338, 0.341
38.974, -0.259, -0.338, 0.336
38.990, -0.259, -0.339, 0.334
39.007, -0.258, -0.339, 0.331
39.024, -0.258, -0.340, 0.327
39.040, -0.258, -0.340, 0.325
39.057, -0.258, -0.341, 0.323
39.074, -0.258, -0.342, 0.318
39.090, -0.258, -0.342, 0.318
39.107, -0.258, -0.343, 0.315
39.124, -0.258, -0.343, 0.313
39.141, -0.258, -0.344, 0.312
39.157, -0.258, -0.345, 0.308
39.174, -0.258, -0.345, 0.306
39.191, -0.259, -0.345, 0.305
39.207, -0.259, -0.346, 0.303
39.224, -0.259, -0.347, 0.301
39.241, -0.259, -0.347, 0.300
39.257, -0.260, -0.348, 0.298
39.274, -0.260, -0.348, 0.296
39.291, -0.260, -0.349, 0.296
39.307, -0.260, -0.349, 0.294
39.324, -0.261, -0.349, 0.292
39.341, -0.261, -0.350, 0.291
39.357, -0.261, -0.350, 0.289
39.374, -0.262, -0.350, 0.286
39.390, -0.262, -0.350, 0.286
39.407, -0.262, -0.351, 0.284
39.424, -0.262, -0.351, 0.282
39.441, -0.263, -0.351, 0.280
39.457, -0.263, -0.351, 0.279
39.474, -0.263, -0.350, 0.277
39.491, -0.263, -0.350, 0.275
39.507, -0.263, -0.350, 0.273
39.524, -0.263, -0.350, 0.270
39.540, -0.263, -0.349, 0.270
39.557, -0.264, -0.348, 0.266
39.574, -0.264, -0.348, 0.264
39.591, -0.264, -0.347, 0.262
39.607, -0.264, -0.347, 0.261
39.624, -0.264, -0.346, 0.259
39.641, -0.264, -0.345, 0.258
39.657, -0.265, -0.344, 0.255
39.674, -0.265, -0.342, 0.253
39.690, -0.265, -0.342, 0.252
39.707, -0.266, -0.340, 0.249
39.724, -0.266, -0.339, 0.247
39.741, -0.266, -0.338, 0.246
39.757, -0.267, -0.337, 0.243
39.774, -0.267, -0.335, 0.242
39.791, -0.267, -0.334, 0.240
39.807, -0.267, -0.333, 0.238
39.824, -0.268, -0.332, 0.237
39.841, -0.268, -0.331, 0.236
39.857, -0.268, -0.330, 0.233
39.874, -0.268, -0.329, 0.231
39.891, -0.269, -0.328, 0.229
39.907, -0.269, -0.327, 0.227
39.924, -0.269, -0.326, 0.226
39.941, -0.269, -0.326, 0.225
39.957, -0.269, -0.324, 0.222
39.974, -0.270, -0.324, 0.221
39.990, -0.270, -0.324, 0.220
40.007, -0.270, -0.323, 0.217
40.024, -0.270, -0.323, 0.215
40.041, -0.269, -0.323, 0.214
40.057, -0.269, -0.322, 0.212
40.074, -0.269, -0.322, 0.210
40.090, -0.269, -0.322, 0.209
40.107, -0.268, -0.322, 0.207
40.124, -0.268, -0.322, 0.205
40.141, -0.268, -0.322, 0.204
40.157, -0.267, -0.322, 0.202
40.174, -0.267, -0.323, 0.201
40.190, -0.267, -0.323, 0.200
40.207, -0.266, -0.323, 0.198
40.224, -0.265, -0.323, 0.196
40.241, -0.265, -0.323, 0.196
40.257, -0.265, -0.323, 0.193
40.274, -0.264, -0.323, 0.191
40.291, -0.264, -0.323, 0.191
40.307, -0.264, -0.323, 0.190
40.324, -0.263, -0.324, 0.188
40.341, -0.263, -0.324, 0.188
40.357, -0.263, -0.323, 0.186
40.374, -0.262, -0.324, 0.185
40.391, -0.262, -0.323, 0.184
40.407, -0.262, -0.323, 0.183
40.424, -0.262, -0.322, 0.182
40.441, -0.263, -0.322, 0.181
40.457, -0.263, -0.321, 0.180
40.475, -0.263, -0.321, 0.180
40.491, -0.264, -0.320, 0.179
40.507, -0.264, -0.320, 0.178
40.524, -0.265, -0.319, 0.177
40.541, -0.265, -0.319, 0.176
40.558, -0.266, -0.319, 0.175
40.574, -0.266, -0.318, 0.174
40.591, -0.267, -0.318, 0.174
40.607, -0.268, -0.318, 0.172
40.624, -0.269, -0.317, 0.171
40.641, -0.269, -0.317, 0.170
40.658, -0.270, -0.317, 0.169
40.674, -0.271, -0.317, 0.168
40.691, -0.272, -0.316, 0.166
40.707, -0.273, -0.316, 0.165
40.724, -0.273, -0.316, 0.164
40.741, -0.274, -0.316, 0.163
40.757, -0.275, -0.316, 0.161
40.774, -0.275, -0.316, 0.160
40.791, -0.276, -0.316, 0.159
40.807, -0.277, -0.316, 0.157
40.824, -0.277, -0.316, 0.156
40.841, -0.277, -0.316, 0.154
40.857, -0.277, -0.317, 0.153
40.874, -0.277, -0.317, 0.151
40.891, -0.277, -0.317, 0.150
40.907, -0.277, -0.317, 0.148
40.924, -0.277, -0.318, 0.146
40.941, -0.277, -0.318, 0.145
40.958, -0.276, -0.318, 0.143
40.975, -0.276, -0.319, 0.142
40.991, -0.276, -0.319, 0.140
41.007, -0.275, -0.320, 0.138
41.024, -0.274, -0.320, 0.137
41.041, -0.273, -0.321, 0.135
41.057, -0.272, -0.322, 0.133
41.074, -0.271, -0.323, 0.131
41.091, -0.271, -0.323, 0.130
41.107, -0.270, -0.324, 0.129
41.124, -0.269, -0.325, 0.128
41.141, -0.268, -0.326, 0.126
41.157, -0.267, -0.327, 0.125
41.174, -0.267, -0.327, 0.123
41.191, -0.266, -0.328, 0.122
41.207, -0.265, -0.329, 0.120
41.224, -0.264, -0.330, 0.118
41.241, -0.264, -0.332, 0.116
41.257, -0.263, -0.333, 0.113
41.274, -0.263, -0.334, 0.106
41.291, -0.263, -0.335, 0.103
41.307, -0.263, -0.336, 0.096
41.324, -0.264, -0.337, 0.088
41.340, -0.265, -0.338, 0.077
41.357, -0.266, -0.338, 0.065
41.374, -0.267, -0.339, 0.051
41.391, -0.264, -0.344, 0.044
41.407, -0.258, -0.351, 0.042
41.424, -0.253, -0.354, 0.043
41.441, -0.252, -0.354, 0.043
41.457, -0.249, -0.355, 0.042
41.474, -0.247, -0.358, 0.039
41.491, -0.246, -0.360, 0.037
41.507, -0.244, -0.359, 0.036
41.524, -0.245, -0.359, 0.036
41.541, -0.245, -0.359, 0.036
41.557, -0.246, -0.359, 0.035
41.574, -0.245, -0.360, 0.034
41.591, -0.245, -0.360, 0.035
41.607, -0.245, -0.360, 0.034
41.624, -0.245, -0.360, 0.034
41.641, -0.245, -0.360, 0.034
41.657, -0.245, -0.360, 0.034
41.674, -0.245, -0.360, 0.034
41.691, -0.245, -0.360, 0.034
41.707, -0.245, -0.360, 0.034
41.724, -0.245, -0.360, 0.034
41.741, -0.245, -0.360, 0.034
41.757, -0.245, -0.360, 0.034
41.775, -0.245, -0.360, 0.034
41.791, -0.245, -0.360, 0.034
41.807, -0.245, -0.360, 0.034
41.824, -0.245, -0.360, 0.034
41.841, -0.245, -0.360, 0.034
41.857, -0.245, -0.360, 0.034
41.875, -0.245, -0.360, 0.034
41.890, -0.245, -0.360, 0.034
41.907, -0.245, -0.360, 0.034
41.924, -0.245, -0.360, 0.034
41.941, -0.245, -0.360, 0.034
41.957, -0.245, -0.360, 0.034
41.974, -0.245, -0.360, 0.034
41.991, -0.245, -0.360, 0.034
42.007, -0.245, -0.360, 0.034
42.024, -0.245, -0.360, 0.034
42.041, -0.245, -0.360, 0.034
42.057, -0.245, -0.360, 0.034
42.074, -0.245, -0.360, 0.034
42.091, -0.245, -0.360, 0.034
42.107, -0.245, -0.360, 0.034
42.124, -0.245, -0.360, 0.034
42.140, -0.245, -0.360, 0.034
42.157, -0.245, -0.360, 0.034
42.174, -0.245, -0.360, 0.034
42.190, -0.245, -0.360, 0.034
42.207, -0.245, -0.360, 0.034
42.224, -0.245, -0.360, 0.034
42.240, -0.245, -0.360, 0.034
42.257, -0.245, -0.360, 0.034
42.274, -0.245, -0.360, 0.034
42.290, -0.245, -0.360, 0.034
42.307, -0.245, -0.360, 0.034
42.324, -0.245, -0.360, 0.034
42.340, -0.245, -0.360, 0.034
42.357, -0.245, -0.360, 0.034
42.374, -0.245, -0.360, 0.034
42.390, -0.245, -0.360, 0.034
42.407, -0.245, -0.360, 0.034
42.424, -0.245, -0.360, 0.034
42.440, -0.245, -0.360, 0.034
42.457, -0.245, -0.360, 0.034
42.474, -0.245, -0.360, 0.034
42.491, -0.245, -0.360, 0.034
42.507, -0.245, -0.360, 0.034
42.524, -0.245, -0.360, 0.034
42.540, -0.245, -0.360, 0.034
42.557, -0.245, -0.360, 0.034
42.574, -0.245, -0.360, 0.034
42.591, -0.245, -0.360, 0.034
42.607, -0.245, -0.360, 0.034
42.624, -0.245, -0.360, 0.034
42.641, -0.245, -0.360, 0.034
42.657, -0.245, -0.360, 0.034
42.674, -0.245, -0.360, 0.034
42.690, -0.245, -0.360, 0.034
42.707, -0.245, -0.360, 0.034
42.724, -0.245, -0.360, 0.034
42.740, -0.245, -0.360, 0.034
42.757, -0.245, -0.360, 0.034
42.774, -0.245, -0.360, 0.034
42.791, -0.245, -0.360, 0.034
42.807, -0.245, -0.360, 0.034
42.824, -0.245, -0.360, 0.034
42.840, -0.245, -0.360, 0.034
42.857, -0.245, -0.360, 0.034
42.874, -0.245, -0.360, 0.034
42.891, -0.245, -0.360, 0.034
42.907, -0.245, -0.360, 0.034
42.924, -0.245, -0.360, 0.034
42.940, -0.245, -0.360, 0.034
42.957, -0.245, -0.360, 0.034
42.974, -0.245, -0.360, 0.034
42.991, -0.245, -0.360, 0.034
43.007, -0.245, -0.360, 0.034
43.024, -0.245, -0.360, 0.034
43.041, -0.245, -0.360, 0.034
43.057, -0.245, -0.360, 0.034
43.074, -0.245, -0.360, 0.034
43.090, -0.245, -0.360, 0.034
43.107, -0.245, -0.360, 0.034
43.124, -0.245, -0.360, 0.034
43.140, -0.245, -0.360, 0.034
43.157, -0.245, -0.360, 0.034
43.174, -0.245, -0.360, 0.034
43.190, -0.245, -0.360, 0.034
43.207, -0.245, -0.360, 0.034
43.224, -0.245, -0.360, 0.034
43.240, -0.245, -0.360, 0.034
43.257, -0.245, -0.360, 0.034
43.274, -0.245, -0.360, 0.034
43.290, -0.245, -0.360, 0.034
43.308, -0.245, -0.360, 0.034
43.324, -0.245, -0.360, 0.034
43.340, -0.245, -0.360, 0.034
43.357, -0.245, -0.360, 0.034
43.374, -0.245, -0.360, 0.034
43.390, -0.245, -0.360, 0.034
43.408, -0.245, -0.360, 0.034
43.424, -0.245, -0.360, 0.034
43.441, -0.245, -0.360, 0.034
43.457, -0.245, -0.360, 0.034
43.474, -0.245, -0.360, 0.034
43.491, -0.245, -0.360, 0.034
43.507, -0.245, -0.360, 0.034
43.524, -0.245, -0.360, 0.034
43.541, -0.245, -0.360, 0.034
43.557, -0.245, -0.360, 0.034
43.574, -0.245, -0.360, 0.034
43.591, -0.245, -0.360, 0.034
43.607, -0.245, -0.360, 0.034
43.624, -0.245, -0.360, 0.034
43.640, -0.245, -0.360, 0.034
43.657, -0.245, -0.360, 0.034
43.674, -0.245, -0.360, 0.034
43.690, -0.245, -0.360, 0.034
43.707, -0.245, -0.360, 0.034
43.724, -0.245, -0.360, 0.034
43.740, -0.245, -0.360, 0.034
43.757, -0.245, -0.360, 0.034
43.774, -0.245, -0.360, 0.034
43.790, -0.245, -0.360, 0.034
43.807, -0.245, -0.360, 0.034
43.824, -0.245, -0.360, 0.034
43.841, -0.245, -0.360, 0.034
43.857, -0.245, -0.360, 0.034
43.874, -0.245, -0.360, 0.034
43.890, -0.245, -0.360, 0.034
43.907, -0.245, -0.360, 0.034
43.924, -0.245, -0.360, 0.034
43.940, -0.245, -0.360, 0.034
43.957, -0.245, -0.360, 0.034
43.974, -0.245, -0.360, 0.034
43.990, -0.245, -0.360, 0.034
44.007, -0.245, -0.360, 0.034
44.024, -0.245, -0.360, 0.034
44.040, -0.245, -0.360, 0.034
44.057, -0.245, -0.360, 0.034
44.074, -0.245, -0.360, 0.034
44.090, -0.245, -0.360, 0.034
44.107, -0.245, -0.360, 0.034
44.124, -0.245, -0.360, 0.034
44.140, -0.245, -0.360, 0.034
44.157, -0.245, -0.360, 0.034
44.174, -0.245, -0.360, 0.034
44.190, -0.245, -0.360, 0.034
44.207, -0.245, -0.360, 0.034
44.224, -0.245, -0.360, 0.034
44.240, -0.245, -0.360, 0.034
44.257, -0.245, -0.360, 0.034
44.274, -0.245, -0.360, 0.034
44.290, -0.245, -0.360, 0.034
44.307, -0.245, -0.360, 0.034
44.324, -0.245, -0.360, 0.034
44.340, -0.245, -0.360, 0.034
44.357, -0.245, -0.360, 0.034
44.374, -0.245, -0.360, 0.034
44.390, -0.245, -0.360, 0.034
44.407, -0.245, -0.360, 0.034
44.424, -0.245, -0.360, 0.034
44.440, -0.245, -0.360, 0.034
44.457, -0.245, -0.360, 0.034
44.474, -0.245, -0.360, 0.034
44.491, -0.245, -0.360, 0.034
44.507, -0.245, -0.360, 0.034
44.525, -0.245, -0.360, 0.034
44.542, -0.245, -0.360, 0.034
44.557, -0.245, -0.360, 0.034
44.574, -0.245, -0.360, 0.034
44.592, -0.245, -0.360, 0.034
44.607, -0.245, -0.360, 0.034
